cd_mun,municipality,state_acronym,area_mun,urban_area,risk_areas_perc,n_cemaden_inst,n_hist_floods,n_wpd_participants,n_stations,bins_wpd_participants,bins_hist_floods,bins_cemaden_inst,mapped_cprm,gdp_per_capita,longitude,latitude,idhm,idhm_income
4104808,Cascavel,PR,2091.199,227548700.0,0.0,0,0,0,0,0,0,0,No,46976.49,-53.37955,-25.02778,0.782,0.776
4105300,Céu Azul,PR,1179.449,158188.2,0.0,0,0,0,0,0,0,0,No,79412.65,-53.76179,-25.24628,0.732,0.732
4108304,Foz do Iguaçu,PR,618.057,153952800.0,0.0,0,1,0,1,0,1 to 3,0,No,73534.49,-54.53925,-25.47181,0.751,0.748
4108403,Francisco Beltrão,PR,735.111,118148700.0,0.0,0,1,0,0,0,1 to 3,0,No,39597.05,-53.13258,-26.04769,0.774,0.758
4115408,Marmeleiro,PR,387.612,29038940.0,0.0,0,1,0,0,0,1 to 3,0,No,44085.52,-53.13861,-26.26197,0.722,0.73
4118501,Pato Branco,PR,539.087,58720310.0,0.0,0,0,0,0,0,0,0,No,53648.87,-52.66321,-26.16902,0.782,0.778
4121604,Renascença,PR,425.273,1197652.0,0.0,0,0,0,0,0,0,0,No,62394.97,-53.00412,-26.27022,0.733,0.746
4124020,Santa Tereza do Oeste,PR,326.19,28183460.0,0.0,0,2,0,0,0,1 to 3,0,No,57894.02,-53.60602,-25.03661,0.705,0.686
4124053,Santa Terezinha de Itaipu,PR,259.393,15734620.0,0.0,0,0,0,0,0,0,0,No,28728.52,-54.42737,-25.45664,0.738,0.716
4128708,Vitorino,PR,308.218,8996089.0,0.0,0,0,0,0,0,0,0,No,72445.13,-52.8078,-26.28122,0.702,0.728
4204202,Chapecó,SC,624.846,254515900.0,8.2,0,2,0,1,0,1 to 3,0,Yes,60166.46,-52.65034,-27.12514,0.79,0.779
4204350,Cordilheira Alta,SC,83.556,17806200.0,5.3,0,2,0,0,0,1 to 3,0,Yes,94779.48,-52.65074,-26.96394,0.747,0.735
4206652,Guatambú,SC,206.196,62357610.0,0.8,0,3,0,0,0,1 to 3,0,Yes,75652.73,-52.78339,-27.11647,0.717,0.716
4301008,Arroio do Meio,RS,157.088,26152310.0,0.0,0,2,0,0,0,1 to 3,0,Yes,72750.17,-51.96872,-29.37156,0.769,0.75
4301602,Bagé,RS,4090.36,86731850.0,0.0,0,3,0,2,0,1 to 3,0,No,30846.53,-54.38341,-31.41304,0.74,0.739
4301701,Barão de Cotegipe,RS,260.505,10509640.0,0.0,0,2,0,0,0,1 to 3,0,No,51643.3,-52.41721,-27.56768,0.719,0.745
4303004,Cachoeira do Sul,RS,3736.158,41859070.0,0.0,0,4,0,0,0,4 or 5,0,No,43440.91,-52.98645,-30.20621,0.742,0.739
4304663,Capão do Leão,RS,783.624,37020970.0,18.8,0,1,0,2,0,1 to 3,0,Yes,32600.83,-52.53818,-31.83337,0.637,0.662
4304705,Carazinho,RS,666.694,28891260.0,0.0,0,0,0,0,0,0,0,No,61635.35,-52.86868,-28.3176,0.766,0.756
4305587,Colinas,RS,60.732,1574949.0,0.0,0,5,0,0,0,4 or 5,0,No,35364.42,-51.87395,-29.40678,0.765,0.786
4306205,Cruzeiro do Sul,RS,155.058,15354600.0,1.3,0,4,0,0,0,4 or 5,0,Yes,42787.38,-52.03362,-29.54056,0.723,0.746
4306932,Entre-Ijuís,RS,552.986,13631930.0,0.0,0,3,0,0,0,1 to 3,0,No,82344.41,-54.18577,-28.39504,0.68,0.692
4307005,Erechim,RS,429.164,56233550.0,0.0,1,1,25,1,More than 10,1 to 3,1 or 2,No,64103.0,-52.25745,-27.64324,0.776,0.782
4307807,Estrela,RS,185.026,25529970.0,28.0,0,2,0,0,0,1 to 3,0,Yes,62633.5,-51.91988,-29.50882,0.767,0.776
4308607,Garibaldi,RS,167.559,41735140.0,0.0,0,1,0,0,0,1 to 3,0,No,83756.02,-51.58193,-29.2413,0.786,0.825
4310207,Ijuí,RS,688.982,36864070.0,0.0,0,1,0,0,0,1 to 3,0,No,61760.07,-53.89488,-28.32045,0.781,0.786
4310538,Itaara,RS,172.801,52689230.0,0.0,0,4,0,0,0,4 or 5,0,No,51436.88,-53.76204,-29.57695,0.76,0.761
4311403,Lajeado,RS,91.231,67086680.0,0.5,0,3,0,0,0,1 to 3,0,Yes,65067.95,-52.00727,-29.44352,0.778,0.796
4314100,Passo Fundo,RS,784.407,82692430.0,0.0,0,0,7,2,5 to 10,0,0,No,60905.63,-52.4525,-28.26889,0.776,0.787
4314407,Pelotas,RS,1609.708,203225000.0,0.0,0,3,0,0,0,1 to 3,0,No,31347.6,-52.34521,-31.57112,0.739,0.758
4315602,Rio Grande,RS,2698.077,159568400.0,0.0,0,2,0,1,0,1 to 3,0,No,62392.39,-52.40426,-32.21805,0.744,0.752
4316758,Santa Clara do Sul,RS,86.442,9789613.0,0.0,0,2,0,0,0,1 to 3,0,No,50200.65,-52.13229,-29.45328,0.74,0.747
4316808,Santa Cruz do Sul,RS,733.898,137220800.0,0.0,0,3,0,0,0,1 to 3,0,No,74205.0,-52.40718,-29.64623,0.773,0.782
4316907,Santa Maria,RS,1780.194,272549500.0,0.0,0,2,0,2,0,1 to 3,0,No,33532.26,-53.82504,-29.78492,0.784,0.795
4317103,Sant'Ana do Livramento,RS,6946.407,37715050.0,0.0,0,1,0,1,0,1 to 3,0,No,37330.14,-55.63091,-30.58747,0.727,0.715
4317509,Santo Ângelo,RS,679.34,45142040.0,0.0,0,2,0,0,0,1 to 3,0,No,41012.36,-54.29775,-28.25049,0.772,0.765
4318002,São Borja,RS,3616.69,55764620.0,0.0,0,2,0,1,0,1 to 3,0,No,43012.23,-55.79658,-28.74669,0.736,0.72
4319125,São Martinho da Serra,RS,669.547,4626606.0,0.0,0,0,0,0,0,0,0,No,104119.72,-53.88628,-29.47481,0.652,0.659
4322400,Uruguaiana,RS,5702.098,59790210.0,0.0,1,6,0,1,0,More than 5,1 or 2,No,29322.46,-56.7294,-29.84059,0.744,0.722
4322707,Vera Cruz,RS,309.621,103951400.0,0.0,0,2,0,0,0,1 to 3,0,No,30254.93,-52.53865,-29.71317,0.737,0.738
4322806,Veranópolis,RS,289.464,109328.7,0.0,0,0,0,0,0,0,0,No,64845.47,-51.55156,-28.96344,0.773,0.797
3511003,Castilho,SP,1065.318,7413053.0,0.0,0,0,0,0,0,0,0,No,64508.48,-51.57025,-20.89761,0.731,0.688
4103800,Cambira,PR,163.388,3432953.0,0.0,0,0,0,0,0,0,0,No,35173.74,-51.56736,-23.63031,0.725,0.702
4104303,Campo Mourão,PR,749.637,49765280.0,0.0,0,0,0,0,0,0,0,No,53562.73,-52.3807,-24.10249,0.757,0.749
4105508,Cianorte,PR,811.666,40813490.0,0.0,0,0,0,0,0,0,0,No,35771.57,-52.62699,-23.72746,0.755,0.747
4114104,Mandaguaçu,PR,294.019,12574640.0,0.0,0,0,0,0,0,0,0,No,29426.09,-52.05583,-23.27867,0.718,0.717
4114807,Marialva,PR,475.564,34024060.0,0.0,0,0,0,0,0,0,0,No,73526.3,-51.79783,-23.50158,0.735,0.733
4115200,Maringá,PR,487.012,231763100.0,0.0,1,0,1,2,1 to 4,0,1 or 2,No,51908.79,-51.96781,-23.40095,0.808,0.806
4117503,Paiçandu,PR,171.379,28330820.0,0.0,0,0,0,0,0,0,0,No,25035.43,-52.12215,-23.4651,0.716,0.697
4118402,Paranavaí,PR,1202.266,74144950.0,0.0,0,0,0,0,0,0,0,No,35548.61,-52.51062,-22.92126,0.763,0.75
4118808,Peabiru,PR,468.594,8835.195,0.0,0,0,0,0,0,0,0,No,32407.58,-52.32667,-23.93118,0.723,0.727
4126256,Sarandi,PR,103.501,45685890.0,0.0,0,0,0,0,0,0,0,No,20962.06,-51.86706,-23.46824,0.695,0.681
4126702,Tamboara,PR,193.346,23399900.0,0.0,0,0,0,0,0,0,0,No,24312.5,-52.48385,-23.19853,0.731,0.679
4128104,Umuarama,PR,1234.537,77648360.0,0.0,0,0,0,0,0,0,0,No,36183.64,-53.41411,-23.67984,0.761,0.755
5002704,Campo Grande,MS,8082.978,473459400.0,0.0,0,3,0,1,0,1 to 3,0,No,37916.06,-54.24946,-20.91358,0.784,0.79
5003207,Corumbá,MS,64438.363,37265310.0,11.1,1,2,0,2,0,1 to 3,1 or 2,Yes,34684.48,-56.65375,-18.42522,0.7,0.701
5003702,Dourados,MS,4062.236,152247200.0,0.0,0,0,0,0,0,0,0,No,55246.68,-54.86252,-22.29162,0.747,0.753
5004502,Itaporã,MS,1342.764,12957970.0,0.0,0,0,0,1,0,0,0,No,46357.44,-54.87349,-22.00538,0.654,0.66
5005202,Ladário,MS,354.255,13466070.0,6.9,0,0,0,0,0,0,0,Yes,15963.35,-57.56881,-19.10306,0.704,0.687
5006606,Ponta Porã,MS,5359.354,37395670.0,0.0,0,1,0,1,0,1 to 3,0,No,52713.01,-55.54443,-22.27573,0.701,0.708
5008008,Terenos,MS,2845.723,40920060.0,0.0,0,2,0,0,0,1 to 3,0,No,33500.79,-55.02409,-20.4474,0.658,0.651
5008305,Três Lagoas,MS,10217.071,64226110.0,0.0,0,0,0,1,0,0,0,No,104352.29,-52.21122,-20.43886,0.744,0.752
5101803,Barra do Garças,MT,9117.301,40765710.0,0.0,0,0,0,0,0,0,0,No,41607.18,-52.49914,-15.36192,0.748,0.738
5102504,Cáceres,MT,24538.479,40766790.0,0.0,0,2,0,0,0,1 to 3,0,No,23753.91,-57.83459,-16.53843,0.708,0.691
5103403,Cuiabá,MT,5077.181,298095000.0,0.0,2,0,30,2,More than 10,0,1 or 2,No,47700.88,-55.71462,-15.59493,0.785,0.8
5106653,Pontal do Araguaia,MT,2742.482,8952629.0,0.0,0,0,0,0,0,0,0,No,17674.65,-52.7214,-15.93196,0.734,0.691
5107602,Rondonópolis,MT,4824.02,127279100.0,0.0,0,0,0,1,0,0,0,No,72181.58,-54.68479,-16.56749,0.755,0.749
5108402,Várzea Grande,MT,724.279,160279000.0,0.0,0,0,5,1,5 to 10,0,0,No,34151.42,-56.33607,-15.47475,0.734,0.711
5201702,Aragarças,GO,661.677,9940171.0,0.0,0,0,0,2,0,0,0,No,13606.58,-52.22909,-15.99396,0.732,0.694
5213103,Mineiros,GO,9042.844,24861710.0,0.0,0,1,0,1,0,1 to 3,0,No,47334.97,-52.67352,-17.71365,0.718,0.753
4100400,Almirante Tamandaré,PR,194.888,121337400.0,7.4,0,2,0,0,0,1 to 3,0,Yes,15947.74,-49.32366,-25.29648,0.699,0.706
4101804,Araucária,PR,469.24,134429400.0,0.0,0,0,0,0,0,0,0,No,170125.52,-49.44149,-25.60861,0.74,0.743
4102307,Balsa Nova,PR,348.926,42255720.0,0.0,0,0,0,0,0,0,0,No,69966.95,-49.68865,-25.52181,0.696,0.707
4103107,Bocaiúva do Sul,PR,826.344,71890520.0,0.0,0,0,0,0,0,0,0,No,21066.48,-48.93654,-25.11639,0.64,0.679
4104006,Campina Grande do Sul,PR,539.245,80974840.0,0.0,0,1,0,0,0,1 to 3,0,No,49376.42,-48.69171,-25.08537,0.718,0.712
4104204,Campo Largo,PR,1243.551,235426200.0,0.0,1,0,0,0,0,0,1 or 2,No,42257.57,-49.61874,-25.29242,0.745,0.73
4104253,Campo Magro,PR,275.352,62836090.0,0.0,0,1,0,0,0,1 to 3,0,No,17964.99,-49.4627,-25.28967,0.701,0.685
4104659,Carambeí,PR,649.68,39383730.0,0.0,0,0,0,0,0,0,0,No,65176.2,-50.15162,-24.89357,0.728,0.721
4105805,Colombo,PR,197.793,197792700.0,0.0,0,1,0,1,0,1 to 3,0,No,22842.86,-49.18848,-25.30627,0.733,0.715
4106209,Contenda,PR,299.037,7396330.0,0.0,0,0,0,0,0,0,0,No,29222.03,-49.52612,-25.71912,0.681,0.697
4106902,Curitiba,PR,434.892,423152100.0,22.4,2,0,1,1,1 to 4,0,1 or 2,Yes,49907.02,-49.28824,-25.47791,0.823,0.85
4107652,Fazenda Rio Grande,PR,116.678,50828770.0,13.5,0,1,0,0,0,1 to 3,0,Yes,31927.39,-49.29742,-25.67642,0.72,0.713
4111258,Itaperuçu,PR,320.578,12885800.0,0.0,0,0,0,0,0,0,0,No,21258.32,-49.49054,-25.1249,0.637,0.654
4114302,Mandirituba,PR,379.179,8674472.0,0.0,0,0,0,0,0,0,0,No,23966.47,-49.32229,-25.84238,0.655,0.677
4118204,Paranaguá,PR,826.431,79661740.0,0.0,0,1,0,0,0,1 to 3,0,No,86717.02,-48.59731,-25.57944,0.75,0.733
4119152,Pinhais,PR,60.869,60869380.0,50.3,0,1,0,0,0,1 to 3,0,Yes,59079.55,-49.15561,-25.4199,0.751,0.761
4119509,Piraquara,PR,227.042,103215200.0,0.0,0,2,0,0,0,1 to 3,0,Yes,13213.37,-49.05231,-25.47244,0.7,0.689
4119905,Ponta Grossa,PR,2054.732,274256400.0,0.0,0,0,0,0,0,0,0,No,54316.58,-50.08079,-25.1397,0.763,0.755
4120309,Porto Vitória,PR,213.013,318604.2,0.0,0,0,0,0,0,0,0,No,24340.57,-51.22226,-26.22765,0.685,0.674
4120804,Quatro Barras,PR,180.471,47295000.0,0.0,0,0,0,0,0,0,0,No,80039.23,-48.99437,-25.36865,0.742,0.74
4122206,Rio Branco do Sul,PR,812.288,50287000.0,3.9,0,0,0,0,0,0,0,Yes,42153.61,-49.3218,-25.1291,0.679,0.679
4125506,São José dos Pinhais,PR,946.435,148513100.0,31.7,0,0,1,0,1 to 4,0,0,Yes,80717.4,-49.09495,-25.66436,0.758,0.749
4128203,União da Vitória,PR,719.998,52917930.0,33.9,0,4,0,0,0,4 or 5,0,Yes,33607.71,-51.07493,-26.10939,0.74,0.713
4200606,Águas Mornas,SC,326.66,2951587.0,25.3,0,6,0,0,0,More than 5,0,Yes,30026.7,-48.93603,-27.73348,0.723,0.731
4201208,Antônio Carlos,SC,234.422,31939430.0,20.1,0,4,0,0,0,4 or 5,0,Yes,91422.34,-48.83098,-27.49747,0.749,0.768
4201307,Araquari,SC,386.693,68781910.0,0.0,0,8,0,0,0,More than 5,0,No,183116.55,-48.75778,-26.46171,0.703,0.696
4202008,Balneário Camboriú,SC,45.214,39885570.0,42.3,0,4,2,0,1 to 4,4 or 5,0,Yes,49301.41,-48.59753,-27.02534,0.845,0.854
4202305,Biguaçu,SC,365.755,128844700.0,0.0,0,6,0,0,0,More than 5,0,Yes,37884.91,-48.69395,-27.43353,0.739,0.733
4202404,Blumenau,SC,518.619,314399000.0,12.3,0,6,0,0,0,More than 5,0,Yes,56155.65,-49.09731,-26.88577,0.806,0.812
4202453,Bombinhas,SC,35.143,27662290.0,0.0,0,2,0,0,0,1 to 3,0,No,41998.46,-48.52004,-27.17266,0.781,0.753
4203006,Caçador,SC,983.424,51793030.0,13.5,0,5,0,1,0,4 or 5,0,Yes,58773.87,-51.08467,-26.76302,0.735,0.728
4203204,Camboriú,SC,210.568,35365380.0,45.7,0,16,5,0,5 to 10,More than 5,0,Yes,25718.35,-48.70899,-27.07094,0.726,0.736
4203956,Capivari de Baixo,SC,53.222,29233400.0,0.0,0,0,0,0,0,0,0,Yes,52929.03,-48.94338,-28.45556,0.767,0.724
4204251,Cocal do Sul,SC,70.965,61327370.0,0.0,0,3,0,0,0,1 to 3,0,No,52196.27,-49.33393,-28.5987,0.78,0.747
4204509,Corupá,SC,405.761,13039270.0,27.2,0,8,0,0,0,More than 5,0,Yes,48927.49,-49.32671,-26.43993,0.78,0.768
4204608,Criciúma,SC,234.865,216552300.0,15.3,2,6,10,0,5 to 10,More than 5,1 or 2,Yes,45871.13,-49.37972,-28.7157,0.788,0.786
4205407,Florianópolis,SC,674.844,400119100.0,30.6,2,4,17,0,More than 10,4 or 5,1 or 2,Yes,45602.98,-48.50909,-27.57884,0.847,0.87
4205456,Forquilhinha,SC,183.351,67653620.0,89.1,0,7,0,0,0,More than 5,0,Yes,44327.22,-49.49328,-28.78169,0.753,0.754
4205803,Garuva,SC,503.595,3753021.0,70.5,0,3,0,0,0,1 to 3,0,Yes,108052.68,-48.86733,-26.05711,0.725,0.717
4205902,Gaspar,SC,386.616,150345800.0,32.8,1,6,0,0,0,More than 5,1 or 2,Yes,57793.4,-48.96603,-26.93134,0.765,0.77
4206009,Governador Celso Ramos,SC,127.556,52659830.0,0.0,0,3,0,0,0,1 to 3,0,No,30505.62,-48.57728,-27.37669,0.747,0.737
4206207,Gravatal,SC,165.718,31628370.0,2.0,0,2,0,0,0,1 to 3,0,Yes,33232.99,-49.01952,-28.35402,0.757,0.726
4206504,Guaramirim,SC,267.514,120028600.0,0.2,0,5,0,0,0,4 or 5,0,Yes,53769.65,-48.94488,-26.47655,0.751,0.748
4207007,Içara,SC,230.393,123517700.0,0.0,0,8,0,0,0,More than 5,0,Yes,60654.48,-49.27735,-28.75162,0.741,0.732
4207106,Ilhota,SC,253.024,65949940.0,77.0,0,8,0,0,0,More than 5,0,Yes,83624.84,-48.85735,-26.85904,0.738,0.75
4207502,Indaial,SC,430.799,98362500.0,0.0,0,5,0,1,0,4 or 5,0,Yes,50804.13,-49.22418,-26.99498,0.777,0.767
4208203,Itajaí,SC,289.215,127384400.0,1.2,0,6,0,1,0,More than 5,0,Yes,210729.12,-48.80701,-27.02814,0.795,0.778
4208302,Itapema,SC,58.21,27503750.0,51.3,0,6,1,0,1 to 4,More than 5,0,Yes,41670.53,-48.63443,-27.10858,0.796,0.788
4208906,Jaraguá do Sul,SC,530.894,256562000.0,25.5,0,7,0,0,0,More than 5,0,Yes,65295.54,-49.15997,-26.48191,0.803,0.793
4209102,Joinville,SC,1127.947,488943700.0,23.9,1,9,8,0,5 to 10,More than 5,1 or 2,Yes,74531.62,-48.95141,-26.24428,0.809,0.795
4209300,Lages,SC,2637.66,108586600.0,0.0,1,4,0,1,0,4 or 5,1 or 2,No,41846.27,-50.34057,-28.02047,0.77,0.755
4210605,Massaranduba,SC,374.459,1112076.0,0.0,0,3,0,0,0,1 to 3,0,No,43380.49,-48.98819,-26.62691,0.774,0.749
4211207,Morro da Fumaça,SC,82.818,57646770.0,0.9,0,7,0,0,0,More than 5,0,Yes,50954.44,-49.24286,-28.6377,0.738,0.732
4211306,Navegantes,SC,111.377,86045300.0,69.4,0,7,0,0,0,More than 5,0,Yes,71643.41,-48.77319,-26.79807,0.736,0.731
4211603,Nova Veneza,SC,295.061,54176360.0,64.8,0,5,0,0,0,4 or 5,0,Yes,69255.25,-49.58491,-28.68472,0.768,0.741
4211900,Palhoça,SC,394.85,136650200.0,37.7,1,6,0,0,0,More than 5,1 or 2,Yes,45940.71,-48.66171,-27.77182,0.757,0.752
4212502,Penha,SC,57.752,53876670.0,54.3,0,6,0,0,0,More than 5,0,Yes,30475.02,-48.65079,-26.80788,0.743,0.739
4212650,Pescaria Brava,SC,106.853,14359590.0,0.0,0,0,0,0,0,0,0,No,11680.06,-48.88364,-28.40176,,
4212809,Balneário Piçarras,SC,99.355,35407990.0,49.8,0,6,0,0,0,More than 5,0,Yes,62076.5,-48.73329,-26.75949,0.756,0.745
4213203,Pomerode,SC,214.299,66538140.0,0.0,0,7,0,0,0,More than 5,0,Yes,81195.67,-49.1733,-26.72819,0.78,0.78
4213500,Porto Belo,SC,93.673,57586270.0,61.6,0,3,1,0,1 to 4,1 to 3,0,Yes,65515.91,-48.61674,-27.17494,0.76,0.75
4213609,Porto União,SC,848.779,22452510.0,0.0,0,5,0,0,0,4 or 5,0,No,32220.81,-51.02759,-26.32175,0.786,0.752
4215703,Santo Amaro da Imperatriz,SC,344.235,60493270.0,30.2,0,7,0,0,0,More than 5,0,Yes,52551.44,-48.79655,-27.74177,0.781,0.753
4216602,São José,SC,150.499,129714300.0,26.1,0,6,1,1,1 to 4,More than 5,0,Yes,54544.43,-48.65626,-27.57847,0.809,0.799
4217253,São Pedro de Alcântara,SC,139.196,28777510.0,0.0,0,7,0,0,0,More than 5,0,No,16725.49,-48.83713,-27.59157,0.734,0.757
4217402,Schroeder,SC,165.237,52747740.0,0.3,0,4,0,0,0,4 or 5,0,Yes,33593.65,-49.06046,-26.36795,0.769,0.75
4217600,Siderópolis,SC,262.004,56657750.0,0.0,0,5,0,0,0,4 or 5,0,Yes,47931.8,-49.52733,-28.58996,0.774,0.751
4218004,Tijucas,SC,279.159,10714320.0,99.0,0,6,0,0,0,More than 5,0,Yes,61114.71,-48.64692,-27.26886,0.76,0.747
4218202,Timbó,SC,128.313,26682370.0,13.8,0,7,0,0,0,More than 5,0,Yes,55453.4,-49.26885,-26.80819,0.784,0.807
4218707,Tubarão,SC,301.485,131020400.0,59.5,0,4,0,0,0,4 or 5,0,Yes,44956.12,-49.03725,-28.48158,0.796,0.788
4219002,Urussanga,SC,254.954,14098890.0,0.0,0,3,0,1,0,1 to 3,0,No,50731.67,-49.32828,-28.4927,0.772,0.756
4300604,Alvorada,RS,71.7,43911070.0,0.0,0,3,0,0,0,1 to 3,0,Yes,15550.82,-51.02135,-29.97988,0.699,0.694
4300877,Araricá,RS,35.391,16041360.0,0.0,0,2,0,0,0,1 to 3,0,No,40484.64,-50.93458,-29.63499,0.679,0.696
4303103,Cachoeirinha,RS,43.778,34094580.0,0.1,0,2,0,0,0,1 to 3,0,Yes,48874.53,-51.09532,-29.92093,0.757,0.749
4303905,Campo Bom,RS,60.579,45615080.0,0.0,0,3,0,1,0,1 to 3,0,No,51443.5,-51.04854,-29.67269,0.745,0.755
4304606,Canoas,RS,130.789,119674700.0,0.0,0,0,0,0,0,0,0,Yes,62892.77,-51.17965,-29.91222,0.75,0.768
4305108,Caxias do Sul,RS,1652.308,258567000.0,5.5,0,1,0,1,0,1 to 3,0,Yes,60506.95,-51.04613,-29.16929,0.782,0.812
4305454,Cidreira,RS,243.42,6619038.0,0.0,0,0,0,0,0,0,0,No,21427.39,-50.27219,-30.12102,0.729,0.73
4306403,Dois Irmãos,RS,66.114,57610130.0,0.0,0,0,0,0,0,0,0,No,65238.03,-51.09026,-29.59948,0.743,0.763
4307609,Estância Velha,RS,51.779,51779070.0,0.0,1,0,0,0,0,0,1 or 2,No,36564.93,-51.18821,-29.6476,0.757,0.749
4307708,Esteio,RS,27.676,19834440.0,0.0,0,5,0,0,0,4 or 5,0,No,44988.45,-51.1768,-29.85175,0.754,0.769
4308201,Flores da Cunha,RS,276.231,46154770.0,0.0,0,0,0,0,0,0,0,Yes,80956.1,-51.17604,-29.01777,0.754,0.786
4309209,Gravataí,RS,468.288,185502900.0,0.0,0,2,0,0,0,1 to 3,0,No,35934.57,-50.94705,-29.88947,0.736,0.727
4310330,Imbé,RS,39.766,39684410.0,0.0,0,1,0,0,0,1 to 3,0,No,26424.42,-50.11771,-29.93063,0.764,0.825
4310801,Ivoti,RS,63.092,63079820.0,0.0,0,1,0,0,0,1 to 3,0,No,47087.23,-51.15704,-29.58065,0.784,0.78
4311627,Lindolfo Collor,RS,33.351,22085860.0,0.0,0,2,0,0,0,1 to 3,0,No,59074.46,-51.21963,-29.5826,0.712,0.712
4312476,Morro Reuter,RS,89.412,29820120.0,0.0,0,1,0,0,0,1 to 3,0,No,41729.98,-51.07322,-29.51209,0.743,0.733
4313060,Nova Hartz,RS,62.319,3306779.0,0.0,0,3,0,0,0,1 to 3,0,No,36379.38,-50.89921,-29.58548,0.689,0.694
4313375,Nova Santa Rita,RS,218.153,37677730.0,0.0,0,1,0,0,0,1 to 3,0,Yes,81606.01,-51.28856,-29.84435,0.718,0.716
4313409,Novo Hamburgo,RS,222.536,112406700.0,26.2,0,1,0,0,0,1 to 3,0,Yes,40589.43,-50.9956,-29.75428,0.747,0.778
4313508,Osório,RS,663.878,53015960.0,0.0,0,0,0,0,0,0,0,No,38855.58,-50.26753,-29.91589,0.751,0.769
4314050,Parobé,RS,108.707,1194653.0,0.0,0,5,1,0,1 to 4,4 or 5,0,No,23398.44,-50.85613,-29.65918,0.704,0.7
4314423,Picada Café,RS,84.28,769727.8,0.0,0,0,0,0,0,0,0,No,66860.05,-51.13705,-29.47206,0.758,0.738
4314803,Portão,RS,159.298,86950100.0,0.0,0,2,0,0,0,1 to 3,0,No,43654.26,-51.24867,-29.70101,0.713,0.725
4314902,Porto Alegre,RS,495.39,436676900.0,44.0,1,1,1,3,1 to 4,1 to 3,1 or 2,Yes,54647.38,-51.16444,-30.09526,0.805,0.867
4315149,Presidente Lucena,RS,49.628,24445720.0,0.0,0,0,0,0,0,0,0,No,71942.18,-51.17466,-29.51716,0.757,0.727
4318705,São Leopoldo,RS,103.009,97218320.0,0.4,0,2,0,0,0,1 to 3,0,Yes,45159.57,-51.13897,-29.76619,0.739,0.766
4319505,São Sebastião do Caí,RS,114.294,22222770.0,0.0,0,11,0,0,0,More than 5,0,No,34381.59,-51.33717,-29.58943,0.739,0.734
4319901,Sapiranga,RS,136.473,45915480.0,0.0,0,2,0,0,0,1 to 3,0,No,44906.27,-50.99572,-29.61415,0.711,0.722
4320008,Sapucaia do Sul,RS,58.247,41178990.0,0.0,0,2,0,0,0,1 to 3,0,No,29500.52,-51.13371,-29.82335,0.726,0.726
4321600,Tramandaí,RS,142.878,56939630.0,0.0,0,1,0,1,0,1 to 3,0,No,23072.56,-50.23394,-30.01475,0.719,0.727
4323002,Viamão,RS,1496.506,374059500.0,0.1,0,0,0,0,0,0,0,Yes,16846.27,-50.86937,-30.16701,0.717,0.72
4323804,Xangri-lá,RS,60.756,10595860.0,0.0,0,1,0,0,0,1 to 3,0,No,42809.21,-50.0697,-29.80792,0.735,0.74
3101607,Alfenas,MG,850.446,36816660.0,0.0,0,0,0,0,0,0,0,No,43049.74,-45.96625,-21.38869,0.761,0.737
3104007,Araxá,MG,1164.062,40786880.0,0.0,0,0,0,2,0,0,0,No,82570.25,-46.97215,-19.6364,0.772,0.756
3108305,Borda da Mata,MG,301.108,460427.0,0.0,0,0,0,0,0,0,0,No,18923.96,-46.16867,-22.26117,0.73,0.703
3110301,Caldas,MG,711.414,4525966.0,0.0,0,0,0,1,0,0,0,No,23127.61,-46.36371,-21.8908,0.687,0.701
3116407,Claraval,MG,227.627,776125.9,0.0,0,0,0,0,0,0,0,No,37352.16,-47.2395,-20.36938,0.698,0.687
3117900,Congonhal,MG,205.125,4106194.0,0.0,0,0,0,0,0,0,0,No,18053.14,-46.04138,-22.14338,0.712,0.681
3147907,Passos,MG,1338.07,45768040.0,0.0,0,1,0,1,0,1 to 3,0,No,26081.82,-46.62199,-20.71858,0.756,0.741
3151008,Piranguinho,MG,124.803,6045132.0,0.0,0,0,0,0,0,0,0,No,15671.86,-45.59347,-22.34029,0.717,0.672
3151800,Poços de Caldas,MG,546.958,94486220.0,0.0,0,0,0,0,0,0,0,No,50234.29,-46.56327,-21.80807,0.779,0.768
3152501,Pouso Alegre,MG,542.797,167140500.0,0.0,0,3,0,0,0,1 to 3,0,No,69478.81,-45.94001,-22.26492,0.774,0.755
3159605,Santa Rita do Sapucaí,MG,352.969,7314785.0,0.0,0,1,0,0,0,1 to 3,0,No,43969.93,-45.6865,-22.2269,0.721,0.727
3164407,São Sebastião da Bela Vista,MG,167.428,13053720.0,0.0,0,0,0,0,0,0,0,No,79135.44,-45.77595,-22.16127,0.692,0.687
3164704,São Sebastião do Paraíso,MG,814.925,23879870.0,0.0,0,0,0,1,0,0,0,No,31099.51,-47.00641,-20.92242,0.722,0.735
3500402,Águas da Prata,SP,142.673,9574767.0,17.6,0,0,0,0,0,0,0,Yes,25297.02,-46.69168,-21.91371,0.781,0.75
3500709,Agudos,SP,966.708,41384160.0,0.0,0,0,0,0,0,0,0,No,70209.74,-49.10877,-22.57193,0.745,0.705
3501152,Alumínio,SP,83.619,7335337.0,0.0,0,0,0,0,0,0,0,No,210670.96,-47.28125,-23.533,0.766,0.729
3501202,Álvares Florence,SP,362.411,23301970.0,0.0,0,0,0,0,0,0,0,No,34389.1,-49.92025,-20.28955,0.728,0.701
3501608,Americana,SP,133.912,98005600.0,5.3,0,0,0,0,0,0,0,Yes,62271.47,-47.28912,-22.72324,0.811,0.8
3501707,Américo Brasiliense,SP,122.958,24918530.0,0.0,0,0,0,0,0,0,0,No,29617.13,-48.03238,-21.72233,0.751,0.709
3502754,Araçariguama,SP,145.204,65774500.0,0.0,0,0,0,0,0,0,0,No,206250.44,-47.07238,-23.43443,0.704,0.717
3502804,Araçatuba,SP,1167.126,89574790.0,0.0,0,4,0,0,0,4 or 5,0,No,45268.6,-50.48202,-21.18858,0.788,0.782
3502903,Araçoiaba da Serra,SP,255.305,142601100.0,0.0,0,0,0,0,0,0,0,Yes,34075.1,-47.65154,-23.54386,0.776,0.751
3503208,Araraquara,SP,1003.625,110523000.0,0.0,0,0,0,0,0,0,0,No,49692.93,-48.17126,-21.82872,0.815,0.788
3503307,Araras,SP,644.831,55732860.0,0.0,0,0,0,0,0,0,0,No,50772.4,-47.32386,-22.34616,0.781,0.763
3503802,Artur Nogueira,SP,178.026,9456095.0,4.8,0,0,0,0,0,0,0,Yes,30610.29,-47.13215,-22.5612,0.749,0.745
3503901,Arujá,SP,96.167,72032710.0,9.8,1,0,1,0,1 to 4,0,1 or 2,Yes,89703.63,-46.31905,-23.38602,0.784,0.761
3504008,Assis,SP,460.609,57820240.0,0.0,0,0,0,0,0,0,0,No,38598.78,-50.42076,-22.60174,0.805,0.771
3504107,Atibaia,SP,478.521,206529400.0,16.9,2,2,0,0,0,1 to 3,1 or 2,Yes,57512.36,-46.58679,-23.12326,0.765,0.786
3504503,Avaré,SP,1213.055,42802460.0,0.0,0,2,0,1,0,1 to 3,0,No,35721.22,-48.89401,-23.07519,0.767,0.751
3504602,Bady Bassitt,SP,110.372,4657940.0,0.0,0,0,0,0,0,0,0,No,30636.12,-49.43762,-20.93154,0.746,0.737
3505500,Barretos,SP,1566.161,42782450.0,0.0,0,1,0,1,0,1 to 3,0,No,47783.95,-48.65195,-20.51416,0.789,0.762
3505708,Barueri,SP,65.701,65700740.0,19.2,1,0,0,1,0,0,1 or 2,Yes,207460.98,-46.87725,-23.50528,0.786,0.791
3505906,Batatais,SP,849.526,27859990.0,0.0,0,0,0,0,0,0,0,No,38097.08,-47.57477,-20.8678,0.761,0.766
3506003,Bauru,SP,667.684,184171900.0,3.7,0,0,0,1,0,0,0,Yes,43806.93,-49.12613,-22.25399,0.801,0.8
3506102,Bebedouro,SP,683.192,109443400.0,0.0,0,1,0,1,0,1 to 3,0,No,52575.43,-48.51075,-20.94045,0.78,0.756
3506359,Bertioga,SP,491.546,1683.437,67.0,0,0,0,1,0,0,0,Yes,31255.51,-46.03002,-23.75976,0.73,0.727
3506508,Birigui,SP,530.031,72492970.0,0.0,0,0,0,0,0,0,0,No,31305.12,-50.35097,-21.26161,0.78,0.743
3506607,Biritiba Mirim,SP,317.406,104072600.0,36.7,0,0,0,0,0,0,0,Yes,29190.32,-46.02132,-23.62417,0.712,0.71
3507001,Boituva,SP,248.954,1191831.0,0.0,0,0,0,0,0,0,0,No,53597.04,-47.67496,-23.28758,0.78,0.757
3507100,Bom Jesus dos Perdões,SP,108.366,9344379.0,36.9,0,2,0,0,0,1 to 3,0,Yes,55196.42,-46.47898,-23.17252,0.713,0.716
3507506,Botucatu,SP,1482.642,100524600.0,0.0,0,0,0,0,0,0,0,No,39937.48,-48.39278,-22.81342,0.8,0.79
3507605,Bragança Paulista,SP,512.584,188339400.0,10.8,0,1,0,1,0,1 to 3,0,Yes,46153.09,-46.55595,-22.93835,0.776,0.772
3508405,Cabreúva,SP,260.234,7288290.0,0.0,0,0,0,0,0,0,0,No,116591.7,-47.08021,-23.30131,0.738,0.717
3508504,Caçapava,SP,368.99,131134100.0,22.1,3,0,0,0,0,0,3 to 5,Yes,54458.95,-45.71331,-23.10373,0.788,0.754
3509007,Caieiras,SP,97.642,58681950.0,7.0,0,1,0,0,0,1 to 3,0,Yes,46700.03,-46.73931,-23.37211,0.781,0.74
3509205,Cajamar,SP,131.386,112217300.0,13.4,0,0,0,0,0,0,0,Yes,287384.67,-46.87203,-23.35143,0.728,0.713
3509502,Campinas,SP,794.571,671782100.0,12.0,0,0,2,0,1 to 4,0,0,Yes,59634.21,-47.0438,-22.88376,0.805,0.829
3509601,Campo Limpo Paulista,SP,79.403,69715910.0,8.6,0,1,0,0,0,1 to 3,0,Yes,29291.03,-46.76006,-23.21792,0.769,0.733
3510005,Cândido Mota,SP,595.811,21802930.0,0.0,0,0,0,0,0,0,0,No,48339.61,-50.42167,-22.80868,0.747,0.701
3510153,Canitar,SP,57.459,7989879.0,0.0,0,0,0,0,0,0,0,No,30627.93,-49.79187,-23.01873,0.68,0.658
3510302,Capela do Alto,SP,169.89,14060680.0,13.2,0,0,0,0,0,0,0,Yes,18457.62,-47.73099,-23.46739,0.699,0.673
3510401,Capivari,SP,322.878,2074417.0,0.0,0,1,0,0,0,1 to 3,0,No,52495.21,-47.47802,-22.98073,0.75,0.744
3510609,Carapicuíba,SP,34.546,34545770.0,13.3,0,1,0,0,0,1 to 3,0,Yes,16909.54,-46.84193,-23.55004,0.749,0.721
3511102,Catanduva,SP,290.596,75211850.0,0.0,0,0,0,0,0,0,0,No,42386.42,-48.96369,-21.13376,0.785,0.767
3511300,Cedral,SP,197.838,15844050.0,0.0,0,0,0,0,0,0,0,No,56401.2,-49.31673,-20.95814,0.766,0.749
3511706,Charqueada,SP,175.846,6664915.0,0.0,0,0,0,0,0,0,0,No,29370.12,-47.7462,-22.53018,0.736,0.72
3512407,Cordeirópolis,SP,137.579,29888160.0,15.5,0,0,0,0,0,0,0,Yes,163554.17,-47.41467,-22.47955,0.758,0.754
3512506,Coroados,SP,246.825,19031300.0,0.0,0,1,0,0,0,1 to 3,0,No,35303.73,-50.3034,-21.37561,0.719,0.704
3512803,Cosmópolis,SP,154.665,28669070.0,0.0,0,0,0,0,0,0,0,No,28255.87,-47.18636,-22.65164,0.769,0.746
3513009,Cotia,SP,323.994,319113800.0,5.4,0,1,0,0,0,1 to 3,0,Yes,62486.58,-46.94627,-23.68307,0.78,0.789
3513108,Cravinhos,SP,311.423,87308190.0,0.0,0,0,0,0,0,0,0,No,48891.09,-47.74458,-21.33965,0.756,0.737
3513207,Cristais Paulista,SP,385.23,63814680.0,0.0,0,0,0,0,0,0,0,No,39369.07,-47.40091,-20.37132,0.734,0.723
3513504,Cubatão,SP,142.879,58892930.0,57.8,0,2,0,0,0,1 to 3,0,Yes,165607.5,-46.4082,-23.8659,0.737,0.716
3513801,Diadema,SP,30.732,30732010.0,12.5,0,0,0,0,0,0,0,Yes,43031.91,-46.61143,-23.69721,0.757,0.717
3513900,Divinolândia,SP,223.749,256672.7,0.0,0,0,0,0,0,0,0,No,44568.55,-46.69741,-21.66168,0.734,0.72
3514007,Dobrada,SP,149.729,11982520.0,0.0,0,0,0,0,0,0,0,No,15286.82,-48.35471,-21.52064,0.718,0.691
3514908,Elias Fausto,SP,202.36,11124820.0,0.0,0,0,0,0,0,0,0,No,55521.14,-47.37066,-23.07064,0.695,0.701
3514924,Elisiário,SP,93.98,1197439.0,0.0,0,0,0,0,0,0,0,No,20323.57,-49.09208,-21.1613,0.747,0.711
3515004,Embu das Artes,SP,70.398,70397880.0,7.9,0,0,0,0,0,0,0,Yes,51258.86,-46.85151,-23.65133,,
3515103,Embu-Guaçu,SP,155.641,141206900.0,16.3,0,1,0,0,0,1 to 3,0,Yes,20683.01,-46.83065,-23.8543,0.749,0.713
3515509,Fernandópolis,SP,549.797,31836630.0,0.0,0,0,0,0,0,0,0,No,35430.06,-50.28302,-20.27177,0.797,0.767
3515707,Ferraz de Vasconcelos,SP,29.547,29547310.0,8.1,0,1,0,0,0,1 to 3,0,Yes,23863.13,-46.37393,-23.56104,0.738,0.691
3516200,Franca,SP,605.679,272843800.0,0.0,0,1,0,2,0,1 to 3,0,No,31450.1,-47.38111,-20.55522,0.78,0.749
3516309,Francisco Morato,SP,49.001,41314770.0,6.1,0,3,0,0,0,1 to 3,0,Yes,10439.01,-46.72351,-23.27371,0.703,0.659
3516408,Franco da Rocha,SP,132.775,118535700.0,12.0,2,3,0,0,0,1 to 3,1 or 2,Yes,27126.51,-46.68759,-23.32754,0.731,0.702
3516853,Gavião Peixoto,SP,243.766,3910.25,0.0,0,0,0,0,0,0,0,No,244615.79,-48.44793,-21.7916,0.719,0.687
3517208,Guaiçara,SP,277.154,13177680.0,0.0,0,0,0,0,0,0,0,No,18704.97,-49.76275,-21.5695,0.739,0.697
3517505,Guapiaçu,SP,325.126,29674210.0,0.0,0,0,0,0,0,0,0,No,40585.65,-49.18991,-20.74285,0.725,0.728
3518305,Guararema,SP,270.816,155819700.0,9.7,0,0,0,0,0,0,0,Yes,50771.09,-46.00402,-23.45453,0.731,0.729
3518701,Guarujá,SP,144.794,119139300.0,66.2,1,0,0,0,0,0,1 or 2,Yes,32292.29,-46.23526,-23.95103,0.751,0.729
3518800,Guarulhos,SP,318.675,290439200.0,22.8,3,1,2,0,1 to 4,1 to 3,3 to 5,Yes,55084.22,-46.45328,-23.41995,0.763,0.746
3519071,Hortolândia,SP,62.416,62415710.0,0.0,0,0,0,0,0,0,0,No,77357.5,-47.20772,-22.87843,0.756,0.716
3519303,Ibaté,SP,290.978,34283040.0,0.0,0,0,0,0,0,0,0,No,32354.27,-48.02729,-21.95091,0.703,0.681
3519600,Ibitinga,SP,689.391,27863940.0,0.0,0,0,0,1,0,0,0,No,32137.74,-48.84782,-21.79294,0.747,0.738
3519709,Ibiúna,SP,1058.082,44700640.0,19.3,0,0,0,0,0,0,0,Yes,29609.37,-47.18631,-23.78183,0.71,0.7
3520202,Igaratá,SP,292.953,40300320.0,33.4,0,0,0,0,0,0,0,Yes,24936.71,-46.16456,-23.1513,0.711,0.683
3520509,Indaiatuba,SP,311.545,167111000.0,0.0,0,1,1,0,1 to 4,1 to 3,0,No,87525.86,-47.2025,-23.10607,0.788,0.791
3521002,Iperó,SP,170.289,84822440.0,0.0,0,0,0,1,0,0,0,No,25010.8,-47.62911,-23.40448,0.719,0.68
3521101,Ipeúna,SP,190.01,5932926.0,5.1,0,0,0,0,0,0,0,Yes,121154.37,-47.71603,-22.42391,0.753,0.737
3521150,Ipiguá,SP,136.028,37391870.0,0.0,0,0,0,0,0,0,0,No,22360.76,-49.40353,-20.64799,0.73,0.696
3521408,Iracemápolis,SP,115.118,11122390.0,0.0,0,0,0,0,0,0,0,No,85178.34,-47.52423,-22.59369,0.776,0.742
3522208,Itapecerica da Serra,SP,150.742,150742400.0,6.5,0,1,2,0,1 to 4,1 to 3,0,Yes,27338.58,-46.85883,-23.7372,0.742,0.699
3522307,Itapetininga,SP,1789.35,64704690.0,4.4,0,0,0,0,0,0,0,Yes,38058.01,-48.12333,-23.64548,0.763,0.728
3522406,Itapeva,SP,1826.258,75658780.0,0.0,1,0,0,1,0,0,1 or 2,No,39783.21,-48.87172,-23.91407,0.732,0.702
3522505,Itapevi,SP,82.658,82657970.0,8.6,0,1,0,0,0,1 to 3,0,Yes,52656.14,-46.96767,-23.55095,0.735,0.687
3522604,Itapira,SP,518.416,47772390.0,0.0,0,0,0,1,0,0,0,No,62845.44,-46.7721,-22.43196,0.762,0.75
3523107,Itaquaquecetuba,SP,82.622,82621620.0,22.6,0,1,0,0,0,1 to 3,0,Yes,25112.29,-46.33388,-23.46146,0.714,0.665
3523404,Itatiba,SP,322.269,240447700.0,12.2,0,0,0,0,0,0,0,Yes,66360.02,-46.81431,-23.00671,0.778,0.788
3523909,Itu,SP,640.719,128150000.0,5.0,1,0,0,0,0,0,1 or 2,Yes,59502.19,-47.27767,-23.33303,0.773,0.782
3524006,Itupeva,SP,200.876,95305570.0,0.0,0,4,1,0,1 to 4,4 or 5,0,No,130938.58,-47.06838,-23.1465,0.762,0.75
3524303,Jaboticabal,SP,706.602,42787610.0,4.8,0,0,0,0,0,0,0,Yes,46151.86,-48.28794,-21.21834,0.778,0.778
3524402,Jacareí,SP,464.272,451129800.0,30.7,6,1,3,0,1 to 4,1 to 3,More than 5,Yes,67874.93,-45.99051,-23.29888,0.777,0.749
3524709,Jaguariúna,SP,141.391,39862020.0,0.0,0,0,0,0,0,0,0,No,233328.91,-47.01278,-22.69198,0.784,0.782
3524907,Jambeiro,SP,184.413,18856980.0,0.0,0,0,0,0,0,0,0,No,51684.83,-45.7106,-23.27929,0.756,0.727
3525003,Jandira,SP,17.449,17449110.0,19.1,0,0,1,0,1 to 4,0,0,Yes,38426.42,-46.8997,-23.54414,0.76,0.738
3525102,Jardinópolis,SP,501.87,57820140.0,0.0,0,0,0,0,0,0,0,No,34708.42,-47.82603,-20.99205,0.735,0.728
3525201,Jarinu,SP,207.549,100673900.0,0.0,0,0,0,0,0,0,0,No,96153.71,-46.72131,-23.11198,0.733,0.723
3525300,Jaú,SP,687.103,114450700.0,0.0,0,1,0,0,0,1 to 3,0,No,36376.16,-48.55603,-22.29607,0.778,0.768
3525904,Jundiaí,SP,431.204,333468000.0,10.9,0,0,0,0,0,0,0,Yes,135081.2,-46.91301,-23.1946,0.822,0.834
3526209,Juquitiba,SP,522.169,735337.3,13.5,0,3,0,0,0,1 to 3,0,Yes,18025.29,-47.02462,-23.95519,0.709,0.68
3526704,Leme,SP,402.871,50505310.0,0.0,0,0,0,0,0,0,0,No,38964.09,-47.33762,-22.17216,0.744,0.729
3526803,Lençóis Paulista,SP,809.541,25876620.0,0.0,0,2,0,0,0,1 to 3,0,No,70818.58,-48.82503,-22.67611,0.764,0.743
3526902,Limeira,SP,580.711,123607200.0,9.5,0,1,1,0,1 to 4,1 to 3,0,Yes,51678.31,-47.36371,-22.59851,0.775,0.761
3527108,Lins,SP,570.058,40558570.0,0.0,0,0,0,1,0,0,0,No,85642.71,-49.68288,-21.64977,0.786,0.762
3527306,Louveira,SP,55.738,42482720.0,0.0,0,0,0,0,0,0,0,No,385773.53,-46.93763,-23.08404,0.777,0.783
3528403,Mairinque,SP,210.149,44865070.0,0.0,0,0,0,0,0,0,0,No,56474.15,-47.19992,-23.51406,0.743,0.721
3528502,Mairiporã,SP,320.697,250183900.0,4.6,0,0,0,0,0,0,0,Yes,22076.24,-46.54426,-23.29916,0.788,0.767
3529005,Marília,SP,1170.515,255773200.0,5.5,0,0,0,1,0,0,0,Yes,40272.45,-49.98309,-22.17779,0.798,0.768
3529302,Matão,SP,524.899,70907170.0,15.8,0,0,0,0,0,0,0,Yes,63716.37,-48.43012,-21.61012,0.773,0.766
3529401,Mauá,SP,61.937,61937190.0,15.3,0,1,0,0,0,1 to 3,0,Yes,43128.78,-46.4464,-23.66616,0.766,0.721
3530300,Mirassol,SP,243.228,77850510.0,0.0,0,1,0,0,0,1 to 3,0,No,43778.54,-49.50426,-20.82768,0.762,0.748
3530607,Mogi das Cruzes,SP,712.541,498258300.0,24.5,1,0,0,0,0,0,1 or 2,Yes,43031.34,-46.18607,-23.56958,0.783,0.762
3530706,Mogi Guaçu,SP,812.753,54099640.0,0.0,0,0,0,0,0,0,0,No,44538.21,-47.02897,-22.23209,0.774,0.74
3530805,Mogi Mirim,SP,497.708,81807550.0,0.0,0,0,0,0,0,0,0,No,67095.62,-46.98838,-22.45135,0.784,0.767
3531100,Mongaguá,SP,142.755,36167800.0,81.4,0,1,0,0,0,1 to 3,0,Yes,21421.71,-46.66807,-24.07016,0.754,0.719
3531704,Monteiro Lobato,SP,332.742,111750.2,37.2,0,0,0,0,0,0,0,Yes,17520.67,-45.80429,-22.93656,0.71,0.692
3531803,Monte Mor,SP,240.566,122317800.0,0.0,1,0,0,0,0,0,1 or 2,No,69972.02,-47.30733,-22.9532,0.733,0.713
3532009,Morungaba,SP,146.752,16534300.0,0.0,0,0,0,0,0,0,0,No,45445.18,-46.78254,-22.89386,0.715,0.726
3532405,Nazaré Paulista,SP,326.254,26129270.0,1.6,0,0,0,0,0,0,0,Yes,24667.18,-46.36649,-23.19143,0.678,0.681
3533403,Nova Odessa,SP,73.788,58504980.0,0.0,0,0,0,0,0,0,0,Yes,65145.09,-47.32143,-22.79651,0.791,0.755
3534104,Oriente,SP,218.668,20212570.0,0.0,0,0,0,0,0,0,0,No,19753.85,-50.09373,-22.14195,0.77,0.717
3534401,Osasco,SP,64.954,64954060.0,20.9,0,1,0,0,0,1 to 3,0,Yes,122765.64,-46.78927,-23.52875,0.776,0.776
3534708,Ourinhos,SP,295.818,71536380.0,0.0,0,0,0,1,0,0,0,No,34406.86,-49.85243,-22.95269,0.778,0.753
3536307,Patrocínio Paulista,SP,602.848,65285260.0,0.0,0,0,0,0,0,0,0,No,91078.82,-47.28942,-20.70421,0.73,0.696
3536505,Paulínia,SP,138.777,94839370.0,0.0,0,0,0,0,0,0,0,Yes,457517.7,-47.14507,-22.74837,0.795,0.8
3536703,Pederneiras,SP,727.482,31106450.0,0.0,0,0,0,0,0,0,0,No,64521.62,-48.86106,-22.30143,0.739,0.738
3537305,Penápolis,SP,711.315,32837600.0,0.0,0,1,0,0,0,1 to 3,0,No,32488.66,-50.09569,-21.4054,0.759,0.748
3537602,Peruíbe,SP,326.216,67760060.0,95.7,0,3,0,0,0,1 to 3,0,Yes,28211.36,-47.06498,-24.39202,0.749,0.73
3537800,Piedade,SP,746.868,89239640.0,0.0,0,0,0,0,0,0,0,No,28657.0,-47.43814,-23.787,0.716,0.694
3538105,Pindorama,SP,184.825,15134000.0,0.0,0,0,0,0,0,0,0,No,28703.01,-48.91163,-21.20982,0.737,0.726
3538204,Pinhalzinho,SP,154.529,71753.28,0.0,0,0,0,0,0,0,0,No,20216.61,-46.57343,-22.77869,0.725,0.707
3538600,Piracaia,SP,385.568,6250751.0,50.0,0,0,0,0,0,0,0,Yes,23959.72,-46.30226,-23.04687,0.739,0.758
3538709,Piracicaba,SP,1378.069,305613500.0,0.0,0,0,0,1,0,0,0,Yes,84225.76,-47.78402,-22.72646,0.785,0.797
3539103,Pirapora do Bom Jesus,SP,108.489,38879550.0,8.4,0,0,0,0,0,0,0,Yes,42495.88,-46.98491,-23.37837,0.727,0.679
3539301,Pirassununga,SP,727.118,89383230.0,0.0,2,0,0,0,0,0,1 or 2,No,42833.73,-47.38988,-21.99592,0.801,0.789
3539400,Piratininga,SP,402.409,39920210.0,0.0,0,0,0,0,0,0,0,No,20048.02,-49.1918,-22.42495,0.779,0.762
3539806,Poá,SP,17.264,17263660.0,25.5,0,1,0,0,0,1 to 3,0,Yes,31616.47,-46.34678,-23.53048,0.771,0.71
3540606,Porto Feliz,SP,556.706,32585180.0,0.0,0,0,0,0,0,0,0,No,69921.89,-47.51692,-23.23033,0.758,0.737
3541000,Praia Grande,SP,149.652,86571000.0,88.7,5,0,1,0,1 to 4,0,3 to 5,Yes,25940.64,-46.52272,-24.0156,0.754,0.744
3542404,Regente Feijó,SP,263.28,25856040.0,0.0,0,0,0,0,0,0,0,No,47932.82,-51.29406,-22.25253,0.768,0.735
3542701,Restinga,SP,245.746,18138130.0,0.0,0,1,0,0,0,1 to 3,0,No,27280.56,-47.50593,-20.64823,0.705,0.664
3543303,Ribeirão Pires,SP,98.972,98971850.0,14.3,1,1,1,0,1 to 4,1 to 3,1 or 2,Yes,31068.87,-46.4028,-23.70108,0.784,0.749
3543402,Ribeirão Preto,SP,650.916,363180600.0,0.0,0,0,0,0,0,0,0,No,55484.91,-47.8213,-21.21084,0.8,0.82
3543907,Rio Claro,SP,498.422,161206900.0,0.0,1,0,0,0,0,0,1 or 2,No,63209.08,-47.57989,-22.37392,0.803,0.784
3544004,Rio das Pedras,SP,226.657,54506840.0,5.7,0,0,0,0,0,0,0,Yes,49338.49,-47.59839,-22.85032,0.759,0.741
3544103,Rio Grande da Serra,SP,36.341,36336770.0,11.4,0,0,0,0,0,0,0,Yes,18472.33,-46.37946,-23.73786,0.749,0.684
3545001,Salesópolis,SP,424.997,8091428.0,25.4,0,1,0,0,0,1 to 3,0,Yes,14499.33,-45.84259,-23.5802,0.732,0.687
3545159,Saltinho,SP,99.738,8041604.0,4.7,0,0,0,0,0,0,0,Yes,44465.92,-47.73183,-22.87121,0.791,0.771
3545209,Salto,SP,133.057,58984470.0,0.0,0,0,0,0,0,0,0,No,77029.01,-47.29246,-23.19438,0.78,0.755
3545308,Salto de Pirapora,SP,280.412,147374900.0,0.0,0,0,0,0,0,0,0,No,47995.61,-47.58064,-23.65277,0.729,0.699
3545803,Santa Bárbara d'Oeste,SP,271.03,91623980.0,0.0,0,1,1,0,1 to 4,1 to 3,0,No,40073.67,-47.42807,-22.80063,0.781,0.752
3546009,Santa Branca,SP,272.238,37076350.0,22.6,0,0,0,0,0,0,0,Yes,20959.37,-45.8633,-23.4264,0.735,0.706
3546207,Santa Cruz da Conceição,SP,150.13,11380610.0,0.0,0,0,0,0,0,0,0,No,35264.11,-47.48559,-22.12134,0.79,0.83
3546702,Santa Gertrudes,SP,98.291,55537880.0,15.5,0,0,0,0,0,0,0,Yes,139885.74,-47.52134,-22.47509,0.737,0.723
3546801,Santa Isabel,SP,363.332,51243840.0,9.1,0,0,0,0,0,0,0,Yes,28340.36,-46.24236,-23.28894,0.738,0.7
3546900,Santa Lúcia,SP,153.86,17511400.0,0.0,0,0,0,0,0,0,0,No,14751.7,-48.05736,-21.67077,0.737,0.696
3547304,Santana de Parnaíba,SP,179.949,177417300.0,6.1,0,0,0,0,0,0,0,Yes,79579.96,-46.91681,-23.44944,0.814,0.876
3547809,Santo André,SP,175.782,124864100.0,18.2,0,0,1,0,1 to 4,0,0,Yes,45062.56,-46.3506,-23.76164,0.815,0.819
3548500,Santos,SP,281.033,71785910.0,81.0,0,0,0,0,0,0,0,Yes,55508.46,-46.29157,-23.86885,0.84,0.861
3548708,São Bernardo do Campo,SP,409.532,216730200.0,27.5,2,0,1,0,1 to 4,0,1 or 2,Yes,68571.36,-46.55079,-23.81299,0.805,0.807
3548807,São Caetano do Sul,SP,15.331,15330730.0,29.5,0,0,1,0,1 to 4,0,0,Yes,95640.71,-46.56606,-23.62614,0.862,0.891
3548906,São Carlos,SP,1136.907,210529000.0,0.0,2,0,2,2,1 to 4,0,1 or 2,No,55044.88,-47.86718,-21.91889,0.805,0.788
3549102,São João da Boa Vista,SP,516.399,120789700.0,0.0,0,0,0,0,0,0,0,Yes,44794.34,-46.8022,-21.97797,0.797,0.776
3549805,São José do Rio Preto,SP,431.944,347993600.0,0.0,0,1,1,0,1 to 4,1 to 3,0,No,44679.93,-49.35811,-20.79723,0.797,0.801
3549904,São José dos Campos,SP,1099.409,566076500.0,24.7,41,0,57,0,More than 10,0,More than 5,Yes,61315.88,-45.92854,-23.09057,0.807,0.804
3549953,São Lourenço da Serra,SP,186.456,38606940.0,3.9,0,1,0,0,0,1 to 3,0,Yes,17697.76,-46.93636,-23.85241,0.728,0.704
3550308,São Paulo,SP,1521.202,1342310000.0,21.1,7,1,14,3,More than 10,1 to 3,More than 5,Yes,66872.84,-46.71092,-23.70005,0.805,0.843
3550605,São Roque,SP,306.908,208576200.0,0.0,0,0,0,0,0,0,0,Yes,37074.85,-47.09991,-23.56286,0.768,0.765
3550803,São Sebastião da Grama,SP,252.41,245707.3,0.0,0,1,0,0,0,1 to 3,0,No,35304.59,-46.75298,-21.75405,0.701,0.689
3551009,São Vicente,SP,148.151,70888300.0,88.9,0,0,0,0,0,0,0,Yes,16506.51,-46.48825,-23.95924,0.768,0.738
3551504,Serrana,SP,126.046,32002710.0,0.0,0,1,0,0,0,1 to 3,0,No,29221.73,-47.61234,-21.21692,0.729,0.713
3551702,Sertãozinho,SP,403.089,65672280.0,0.0,0,0,0,0,0,0,0,No,55352.42,-48.02887,-21.14641,0.761,0.768
3552205,Sorocaba,SP,449.872,392385300.0,7.0,0,0,0,0,0,0,0,Yes,64046.61,-47.43664,-23.4399,0.798,0.792
3552403,Sumaré,SP,153.465,105163300.0,10.0,1,1,0,0,0,1 to 3,1 or 2,Yes,55816.79,-47.263,-22.84186,0.762,0.744
3552502,Suzano,SP,206.236,206235800.0,27.5,0,0,0,0,0,0,0,Yes,48818.92,-46.31045,-23.60839,0.765,0.708
3552809,Taboão da Serra,SP,20.388,20387770.0,14.1,0,1,0,0,0,1 to 3,0,Yes,34588.58,-46.78637,-23.62053,0.769,0.742
3554003,Tatuí,SP,523.749,150500000.0,0.0,0,0,0,0,0,0,0,Yes,40892.85,-47.86951,-23.36208,0.752,0.734
3554805,Tremembé,SP,191.094,58221880.0,55.9,0,0,0,0,0,0,0,Yes,18591.56,-45.60424,-22.94083,0.785,0.769
3555000,Tupã,SP,627.986,40801630.0,0.0,0,1,0,1,0,1 to 3,0,No,33732.18,-50.53461,-21.94729,0.771,0.764
3556107,Valentim Gentil,SP,149.741,20184870.0,0.0,0,2,0,0,0,1 to 3,0,No,31863.26,-50.10174,-20.42053,0.735,0.708
3556206,Valinhos,SP,148.538,142624200.0,0.0,0,0,0,0,0,0,0,No,59842.76,-46.98128,-22.97512,0.819,0.848
3556453,Vargem Grande Paulista,SP,42.489,42489400.0,11.0,0,0,0,0,0,0,0,Yes,53359.16,-47.01471,-23.62089,0.77,0.755
3556503,Várzea Paulista,SP,35.12,35119750.0,0.0,0,0,0,0,0,0,0,No,31913.34,-46.82491,-23.21927,0.759,0.72
3556602,Vera Cruz,SP,247.716,26552470.0,0.0,0,1,0,0,0,1 to 3,0,No,22231.9,-49.82619,-22.23406,0.754,0.722
3556701,Vinhedo,SP,80.95,45608740.0,0.0,1,0,1,0,1 to 4,0,1 or 2,No,154054.53,-46.97251,-23.0352,0.817,0.84
3557006,Votorantim,SP,184.186,129026600.0,0.0,0,0,0,0,0,0,0,Yes,31487.9,-47.40653,-23.57988,0.767,0.72
3557105,Votuporanga,SP,420.703,123660400.0,0.0,0,1,0,0,0,1 to 3,0,No,40190.41,-49.9891,-20.45782,0.79,0.772
3557303,Estiva Gerbi,SP,74.144,8402139.0,0.0,0,0,0,0,0,0,0,No,33843.06,-46.94308,-22.23607,0.74,0.716
4103701,Cambé,PR,495.375,133504500.0,0.0,0,0,0,0,0,0,0,No,46520.49,-51.35608,-23.11082,0.734,0.724
4109807,Ibiporã,PR,297.742,160909200.0,0.0,0,0,0,0,0,0,0,No,59501.61,-51.03776,-23.23641,0.726,0.72
4111803,Jacarezinho,PR,602.528,3088194.0,0.0,0,1,0,0,0,1 to 3,0,No,40697.5,-49.94742,-23.15068,0.743,0.734
4112702,Jataizinho,PR,159.178,2810169.0,0.0,0,2,0,0,0,1 to 3,0,No,22283.34,-50.92418,-23.25115,0.687,0.669
4113700,Londrina,PR,1652.569,399031600.0,0.0,0,1,0,1,0,1 to 3,0,No,40636.89,-51.11038,-23.51425,0.778,0.789
4126504,Sertanópolis,PR,505.532,782898.7,0.0,0,0,0,0,0,0,0,No,41980.09,-51.07197,-23.05734,0.723,0.719
4127106,Telêmaco Borba,PR,1382.86,32853740.0,0.0,0,0,0,0,0,0,0,No,60971.64,-50.52255,-24.25001,0.734,0.726
3102902,Antônio Carlos,MG,529.915,27853510.0,0.0,0,0,0,0,0,0,0,No,21088.32,-43.76633,-21.41059,0.683,0.65
3103009,Antônio Dias,MG,787.061,2007255.0,0.0,0,0,0,0,0,0,0,No,96894.13,-42.86559,-19.58151,0.645,0.624
3105608,Barbacena,MG,759.186,147277500.0,6.9,0,0,0,1,0,0,0,Yes,25335.18,-43.80462,-21.21496,0.769,0.751
3106200,Belo Horizonte,MG,331.354,331353600.0,13.2,0,0,1,4,1 to 4,0,0,Yes,41818.32,-43.95998,-19.90268,0.81,0.841
3106705,Betim,MG,343.884,270502300.0,18.0,0,2,0,0,0,1 to 3,0,Yes,73624.78,-44.19911,-19.94747,0.749,0.709
3107802,Bom Jesus do Galho,MG,592.289,3008898.0,0.0,0,0,0,0,0,0,0,No,11568.99,-42.28486,-19.78749,0.623,0.615
3109006,Brumadinho,MG,639.434,249993400.0,0.0,0,2,0,0,0,1 to 3,0,No,112233.99,-44.12268,-20.17783,0.747,0.761
3110004,Caeté,MG,542.531,62289480.0,0.0,0,0,0,0,0,0,0,No,23695.84,-43.63689,-19.86777,0.728,0.69
3110202,Cajuri,MG,83.038,296598.8,0.0,0,0,0,0,0,0,0,No,24569.91,-42.76415,-20.78531,0.617,0.599
3112505,Capim Branco,MG,95.333,3248366.0,0.0,0,0,0,0,0,0,0,No,12467.57,-44.1677,-19.57006,0.695,0.664
3113404,Caratinga,MG,1258.479,129057500.0,2.8,0,2,0,2,0,1 to 3,0,Yes,24518.79,-42.14999,-19.756,0.706,0.697
3114204,Carmo do Cajuru,MG,455.808,74132600.0,0.0,0,0,0,0,0,0,0,No,27469.01,-44.70115,-20.19648,0.71,0.695
3115300,Cataguases,MG,491.767,54728120.0,10.1,0,2,0,0,0,1 to 3,0,Yes,21748.3,-42.67406,-21.34241,0.751,0.718
3115904,Chácara,MG,152.807,153693.9,0.0,0,0,0,0,0,0,0,No,14661.46,-43.21321,-21.68664,0.664,0.65
3117876,Confins,MG,42.355,42354710.0,0.0,0,0,0,0,0,0,0,No,70734.21,-43.97496,-19.64213,0.747,0.706
3118007,Congonhas,MG,304.067,8344802.0,15.0,0,3,0,0,0,1 to 3,0,Yes,73709.5,-43.86163,-20.51611,0.753,0.732
3118304,Conselheiro Lafaiete,MG,370.246,99112600.0,6.8,0,1,0,0,0,1 to 3,0,Yes,23881.55,-43.78866,-20.66601,0.761,0.736
3118601,Contagem,MG,194.746,169717500.0,12.9,0,2,0,0,0,1 to 3,0,Yes,54136.41,-44.084,-19.88718,0.756,0.745
3119609,Coronel Pacheco,MG,131.511,1563576.0,0.0,0,0,0,0,0,0,0,No,19419.15,-43.2931,-21.60467,0.669,0.673
3119708,Coronel Xavier Chaves,MG,140.954,471022.9,0.0,0,2,0,0,0,1 to 3,0,No,26367.67,-44.19662,-21.02466,0.677,0.67
3121100,Delfim Moreira,MG,408.473,3354692.0,0.0,0,1,0,0,0,1 to 3,0,No,15700.68,-45.2878,-22.50707,0.669,0.649
3122306,Divinópolis,MG,708.115,192325000.0,0.0,0,3,0,1,0,1 to 3,0,No,34355.36,-44.93069,-20.12372,0.764,0.753
3124104,Esmeraldas,MG,909.751,74518030.0,0.0,0,3,0,0,0,1 to 3,0,No,13419.92,-44.30752,-19.733,0.671,0.649
3126000,Florestal,MG,194.242,8245687.0,0.0,0,3,0,1,0,1 to 3,0,No,18785.7,-44.44211,-19.86849,0.724,0.728
3129806,Ibirité,MG,72.395,72394790.0,12.6,0,2,0,0,0,1 to 3,0,Yes,17407.52,-44.0685,-20.02358,0.704,0.673
3130101,Igarapé,MG,110.942,88036750.0,0.0,0,3,0,0,0,1 to 3,0,No,21707.59,-44.32197,-20.05935,0.698,0.686
3130200,Igaratinga,MG,218.343,7027446.0,0.0,0,0,0,0,0,0,0,No,51874.24,-44.71836,-19.95105,0.651,0.682
3130408,Ijaci,MG,105.246,22924770.0,0.0,0,2,0,0,0,1 to 3,0,No,74228.52,-44.93384,-21.17816,0.714,0.663
3131307,Ipatinga,MG,164.884,85029710.0,0.0,0,0,0,0,0,0,0,No,65869.82,-42.60092,-19.43897,0.771,0.752
3131703,Itabira,MG,1253.704,49738810.0,0.0,0,0,0,0,0,0,0,No,123006.06,-43.29991,-19.60061,0.756,0.729
3133808,Itaúna,MG,495.769,54336170.0,0.0,0,3,0,0,0,1 to 3,0,No,53834.65,-44.58885,-20.07809,0.758,0.749
3135001,Jaguaraçu,MG,163.76,4744879.0,0.0,0,1,0,0,0,1 to 3,0,No,34860.43,-42.71819,-19.63758,0.679,0.667
3136652,Juatuba,MG,97.172,87955470.0,0.0,0,3,0,0,0,1 to 3,0,No,51653.48,-44.35423,-19.95632,0.717,0.67
3136702,Juiz de Fora,MG,1435.749,403115600.0,10.3,1,1,0,2,0,1 to 3,1 or 2,Yes,35145.34,-43.46473,-21.7455,0.778,0.784
3137601,Lagoa Santa,MG,229.409,171033300.0,0.0,0,0,0,0,0,0,0,No,32802.82,-43.88581,-19.62841,0.777,0.79
3138203,Lavras,MG,564.744,101849500.0,0.0,0,2,0,1,0,1 to 3,0,No,27818.1,-45.03849,-21.26468,0.782,0.757
3139409,Manhuaçu,MG,628.318,32582440.0,2.3,0,2,0,1,0,1 to 3,0,Yes,35607.52,-42.10683,-20.19533,0.689,0.692
3139904,Maria da Fé,MG,202.898,239994.5,0.0,0,4,0,1,0,4 or 5,0,No,14490.07,-45.31354,-22.32247,0.702,0.646
3140159,Mário Campos,MG,35.196,35196430.0,0.0,0,2,0,0,0,1 to 3,0,Yes,12520.55,-44.17607,-20.07667,0.699,0.68
3140308,Marliéria,MG,545.813,779783.4,0.0,0,1,0,0,0,1 to 3,0,No,14999.89,-42.6148,-19.70579,0.657,0.629
3140704,Mateus Leme,MG,301.383,37771790.0,0.0,0,1,0,0,0,1 to 3,0,No,34132.67,-44.4375,-20.02728,0.704,0.688
3140803,Matias Barbosa,MG,157.066,38999050.0,8.4,0,0,0,0,0,0,0,Yes,42951.23,-43.308,-21.87103,0.72,0.703
3141108,Matozinhos,MG,252.453,1191432.0,0.0,0,1,0,0,0,1 to 3,0,No,39152.41,-44.05153,-19.52385,0.731,0.69
3143906,Muriaé,MG,841.693,60295040.0,18.2,0,5,0,1,0,4 or 5,0,Yes,24137.53,-42.42146,-21.09137,0.734,0.731
3144805,Nova Lima,MG,429.313,343540200.0,4.7,0,0,0,0,0,0,0,Yes,216092.4,-43.90403,-20.07414,0.813,0.864
3145208,Nova Serrana,MG,282.472,48746370.0,0.0,0,0,0,0,0,0,0,No,24352.06,-44.97395,-19.85234,0.715,0.709
3147105,Pará de Minas,MG,551.247,91434220.0,0.0,0,3,0,0,0,1 to 3,0,No,42098.58,-44.61053,-19.85986,0.725,0.715
3148202,Patrocínio do Muriaé,MG,108.246,4382328.0,0.0,0,4,0,0,0,4 or 5,0,No,20206.33,-42.25299,-21.16715,0.682,0.691
3148301,Paula Cândido,MG,268.321,3604445.0,0.0,0,2,0,0,0,1 to 3,0,No,14255.97,-42.98498,-20.85588,0.637,0.632
3149309,Pedro Leopoldo,MG,292.831,113073000.0,0.0,0,0,0,0,0,0,0,No,29763.4,-44.05274,-19.63987,0.757,0.723
3150158,Piedade de Caratinga,MG,109.345,3548752.0,0.0,0,0,0,0,0,0,0,No,15939.53,-42.04471,-19.76303,0.612,0.621
3153608,Prudente de Morais,MG,124.189,32326120.0,0.0,0,0,0,0,0,0,0,No,18583.47,-44.11144,-19.46446,0.69,0.658
3153905,Raposos,MG,72.228,28274820.0,0.0,0,5,0,0,0,4 or 5,0,No,11738.63,-43.78316,-19.98093,0.73,0.706
3154150,Reduto,MG,151.859,7214873.0,0.0,0,3,0,0,0,1 to 3,0,No,16727.6,-41.9403,-20.23781,0.629,0.647
3154606,Ribeirão das Neves,MG,155.105,145523400.0,0.0,0,1,0,0,0,1 to 3,0,No,15177.16,-44.07191,-19.77953,0.684,0.658
3154705,Ribeirão Vermelho,MG,49.251,3587250.0,0.0,0,0,0,0,0,0,0,No,25941.3,-45.07306,-21.14789,0.737,0.699
3154804,Rio Acima,MG,228.394,19744000.0,0.0,0,0,0,0,0,0,0,No,44894.6,-43.77291,-20.10581,0.673,0.689
3156304,Rodeiro,MG,72.673,9702798.0,0.0,0,0,0,0,0,0,0,No,66014.18,-42.84131,-21.21068,0.668,0.703
3156700,Sabará,MG,302.453,294829300.0,6.0,0,1,0,0,0,1 to 3,0,Yes,30474.48,-43.79199,-19.89269,0.731,0.699
3157336,Santa Cruz de Minas,MG,3.565,3565097.0,0.0,0,2,0,0,0,1 to 3,0,No,11867.33,-44.2173,-21.12031,0.706,0.66
3157807,Santa Luzia,MG,235.205,199750400.0,14.3,0,0,0,0,0,0,0,Yes,23863.19,-43.85098,-19.77349,0.715,0.682
3158607,Santana do Deserto,MG,182.655,2907692.0,1.2,0,0,0,0,0,0,0,Yes,11889.16,-43.18281,-21.94597,0.651,0.66
3159357,Santa Rita de Minas,MG,68.153,23724070.0,0.0,0,0,0,0,0,0,0,No,20733.84,-42.12326,-19.87504,0.613,0.627
3161809,São Gonçalo do Pará,MG,265.73,16089460.0,0.0,0,0,0,0,0,0,0,No,24361.9,-44.82844,-19.98387,0.689,0.682
3162500,São João del Rei,MG,1452.002,70721560.0,0.0,0,2,0,1,0,1 to 3,0,No,33059.97,-44.27443,-21.26315,0.758,0.733
3162922,São Joaquim de Bicas,MG,71.758,71758260.0,0.0,1,0,0,0,0,0,1 or 2,No,33134.13,-44.2441,-20.0835,0.662,0.664
3162955,São José da Lapa,MG,47.93,46969870.0,0.0,0,0,0,0,0,0,0,No,25528.59,-43.98849,-19.7116,0.729,0.677
3163102,São José da Varginha,MG,205.501,24701.49,0.0,0,0,0,0,0,0,0,No,22210.65,-44.56151,-19.69608,0.704,0.682
3165537,Sarzedo,MG,62.134,62134280.0,0.0,0,1,0,0,0,1 to 3,0,No,64346.33,-44.12104,-20.05914,0.734,0.706
3168309,Taquaraçu de Minas,MG,329.287,19928640.0,0.0,0,0,0,0,0,0,0,No,16000.68,-43.68562,-19.63401,0.651,0.643
3168507,Teixeiras,MG,166.735,16858770.0,0.0,0,1,0,0,0,1 to 3,0,No,16380.33,-42.86246,-20.63212,0.675,0.685
3168705,Timóteo,MG,144.381,72080950.0,19.4,0,5,0,1,0,4 or 5,0,Yes,61482.0,-42.60517,-19.56711,0.77,0.737
3168804,Tiradentes,MG,83.047,21760960.0,0.0,0,0,0,0,0,0,0,No,25209.23,-44.15462,-21.11643,0.74,0.741
3169000,Tocantins,MG,173.866,8319979.0,0.0,0,0,0,0,0,0,0,No,20853.44,-43.02648,-21.17747,0.688,0.682
3169307,Três Corações,MG,828.038,55137320.0,0.0,0,1,0,0,0,1 to 3,0,No,36734.42,-45.20489,-21.68641,0.744,0.73
3169901,Ubá,MG,407.452,145163700.0,0.0,0,2,0,0,0,1 to 3,0,No,30288.91,-42.96527,-21.10533,0.724,0.727
3170057,Ubaporanga,MG,189.045,2253850.0,0.0,0,1,0,0,0,1 to 3,0,No,13424.24,-42.06994,-19.66052,0.614,0.604
3171204,Vespasiano,MG,71.04,71039730.0,0.0,0,4,0,0,0,4 or 5,0,No,22909.06,-43.94791,-19.74176,0.688,0.677
3171303,Viçosa,MG,299.418,122515700.0,0.0,0,4,0,1,0,4 or 5,0,No,22673.74,-42.88551,-20.74042,0.775,0.758
3172202,Wenceslau Braz,MG,102.487,3133082.0,0.0,0,0,0,0,0,0,0,No,13011.59,-45.4087,-22.57114,0.678,0.644
3200706,Atílio Vivácqua,ES,232.868,52070840.0,8.3,0,1,0,0,0,1 to 3,0,Yes,29410.41,-41.18399,-20.962208,0.708,0.663
3201209,Cachoeiro de Itapemirim,ES,864.583,208821500.0,12.4,0,6,0,0,0,More than 5,0,Yes,28971.61,-41.191,-20.766111,0.746,0.733
3201308,Cariacica,ES,279.718,184474000.0,15.0,0,3,0,0,0,1 to 3,0,Yes,35444.12,-40.44205,-20.290687,0.718,0.699
3201902,Domingos Martins,ES,1229.21,12895870.0,4.3,0,5,0,0,0,4 or 5,0,Yes,28068.12,-40.83532,-20.276365,0.669,0.68
3202405,Guarapari,ES,589.825,113360500.0,18.9,0,1,0,0,0,1 to 3,0,Yes,19746.25,-40.54626,-20.585052,0.731,0.746
3202801,Itapemirim,ES,550.71,3775567.0,16.4,0,5,0,0,0,4 or 5,0,Yes,164321.47,-40.94472,-20.965771,0.654,0.64
3204500,Santa Leopoldina,ES,718.325,38680280.0,15.4,0,6,0,1,0,More than 5,0,Yes,27126.63,-40.53926,-20.123159,0.626,0.646
3205002,Serra,ES,547.631,170678300.0,32.0,0,3,0,0,0,1 to 3,0,Yes,69452.01,-40.30162,-20.128119,0.739,0.72
3205101,Viana,ES,312.279,193223900.0,22.1,0,6,0,0,0,More than 5,0,Yes,52363.51,-40.50138,-20.421356,0.686,0.672
3205200,Vila Velha,ES,210.225,193931900.0,52.4,0,6,0,1,0,More than 5,0,Yes,32056.78,-40.42981,-20.469445,0.8,0.807
3300100,Angra dos Reis,RJ,813.42,60826270.0,20.6,4,0,1,1,1 to 4,0,3 to 5,Yes,53262.55,-44.40166,-22.903546,0.724,0.74
3300209,Araruama,RJ,638.276,201025300.0,29.8,1,1,0,0,0,1 to 3,1 or 2,Yes,31109.37,-42.29291,-22.755347,0.718,0.714
3300233,Armação dos Búzios,RJ,70.977,29795020.0,20.4,0,0,0,0,0,0,0,Yes,84721.42,-41.95068,-22.776426,0.728,0.75
3300258,Arraial do Cabo,RJ,152.106,33431860.0,4.6,0,0,0,1,0,0,0,Yes,87763.22,-42.16853,-22.921503,0.733,0.722
3300308,Barra do Piraí,RJ,584.61,47681740.0,6.4,0,3,0,0,0,1 to 3,0,Yes,26833.48,-43.917,-22.439627,0.733,0.723
3300407,Barra Mansa,RJ,547.133,226856500.0,7.5,0,1,0,0,0,1 to 3,0,Yes,34816.53,-44.2618,-22.540742,0.729,0.72
3300456,Belford Roxo,RJ,78.985,78985420.0,46.9,0,4,0,0,0,4 or 5,0,Yes,17156.71,-43.37757,-22.728728,0.684,0.662
3300506,Bom Jardim,RJ,382.43,38157790.0,7.8,0,2,0,0,0,1 to 3,0,Yes,31941.54,-42.37173,-22.199748,0.66,0.707
3300704,Cabo Frio,RJ,413.449,206580300.0,22.8,0,0,0,0,0,0,0,Yes,52801.54,-42.02266,-22.729875,0.735,0.743
3300803,Cachoeiras de Macacu,RJ,954.749,64874610.0,35.4,2,3,0,0,0,1 to 3,1 or 2,Yes,21885.51,-42.72841,-22.516121,0.7,0.695
3300936,Carapebus,RJ,304.885,99278.09,55.9,0,1,0,0,0,1 to 3,0,Yes,43108.68,-41.6509,-22.195953,0.713,0.699
3300951,Comendador Levy Gasparian,RJ,108.639,13310820.0,18.4,0,1,0,0,0,1 to 3,0,Yes,70311.39,-43.29211,-22.04193,0.685,0.676
3301009,Campos dos Goytacazes,RJ,4032.487,399703300.0,80.1,0,7,2,3,1 to 4,More than 5,0,Yes,72243.98,-41.43153,-21.805044,0.716,0.715
3301306,Casimiro de Abreu,RJ,462.918,79626570.0,46.8,0,1,0,0,0,1 to 3,0,Yes,51285.71,-42.14424,-22.481862,0.726,0.734
3301702,Duque de Caxias,RJ,467.319,360872800.0,56.7,0,5,1,1,1 to 4,4 or 5,0,Yes,57170.07,-43.29961,-22.632492,0.711,0.692
3301801,Engenheiro Paulo de Frontin,RJ,139.381,26857940.0,8.4,0,2,0,0,0,1 to 3,0,Yes,28769.59,-43.6361,-22.508286,0.722,0.674
3301850,Guapimirim,RJ,358.443,113694600.0,53.2,0,0,0,0,0,0,0,Yes,21920.68,-42.96402,-22.583504,0.698,0.692
3301876,Iguaba Grande,RJ,50.977,34117300.0,20.9,0,0,0,0,0,0,0,Yes,21517.5,-42.21801,-22.827483,0.761,0.744
3301900,Itaboraí,RJ,429.961,383598500.0,32.3,0,2,0,0,0,1 to 3,0,Yes,23078.43,-42.88143,-22.757253,0.693,0.69
3302007,Itaguaí,RJ,282.606,100334100.0,25.7,0,0,1,0,1 to 4,0,0,Yes,76916.73,-43.81335,-22.830051,0.715,0.703
3302205,Itaperuna,RJ,1106.694,68658450.0,44.7,0,4,0,1,0,4 or 5,0,Yes,32533.22,-41.89402,-21.225098,0.73,0.716
3302254,Itatiaia,RJ,241.035,45174970.0,26.5,0,0,0,0,0,0,0,Yes,213339.67,-44.58784,-22.441663,0.737,0.735
3302270,Japeri,RJ,81.697,81697390.0,15.9,0,1,0,0,0,1 to 3,0,Yes,14395.69,-43.60576,-22.661925,0.659,0.637
3302403,Macaé,RJ,1216.989,105886600.0,52.2,0,0,0,1,0,0,0,Yes,66684.01,-41.9771,-22.295623,0.764,0.792
3302502,Magé,RJ,390.775,341144900.0,39.0,3,3,0,0,0,1 to 3,3 to 5,Yes,19237.2,-43.11303,-22.612617,0.709,0.685
3302601,Mangaratiba,RJ,367.606,4420957.0,38.2,0,2,0,0,0,1 to 3,0,Yes,69913.59,-44.11499,-22.941854,0.753,0.746
3302700,Maricá,RJ,361.572,138077300.0,41.6,1,1,0,0,0,1 to 3,1 or 2,Yes,511810.82,-42.81685,-22.915193,0.765,0.761
3302858,Mesquita,RJ,41.169,41168580.0,37.8,1,2,0,0,0,1 to 3,1 or 2,Yes,14796.57,-43.45232,-22.799313,0.737,0.704
3302908,Miguel Pereira,RJ,287.933,53451950.0,7.1,0,1,0,0,0,1 to 3,0,Yes,24686.21,-43.47452,-22.484551,0.745,0.74
3303203,Nilópolis,RJ,19.393,19393280.0,79.4,0,0,0,0,0,0,0,Yes,18782.18,-43.42895,-22.821067,0.753,0.731
3303302,Niterói,RJ,133.757,130811500.0,15.8,0,1,0,1,0,1 to 3,0,Yes,128333.01,-43.05466,-22.915097,0.837,0.887
3303401,Nova Friburgo,RJ,935.429,208566200.0,3.1,0,4,0,1,0,4 or 5,0,Yes,33000.12,-42.4665,-22.338038,0.745,0.758
3303500,Nova Iguaçu,RJ,520.581,476074000.0,15.1,1,3,5,0,5 to 10,1 to 3,1 or 2,Yes,21559.06,-43.44174,-22.651438,0.713,0.691
3303609,Paracambi,RJ,190.949,101206800.0,22.2,0,2,0,0,0,1 to 3,0,Yes,21902.8,-43.71915,-22.604967,0.72,0.689
3303708,Paraíba do Sul,RJ,571.118,17662380.0,11.5,0,6,0,0,0,More than 5,0,Yes,28006.34,-43.30433,-22.181958,0.702,0.697
3303906,Petrópolis,RJ,791.144,241106400.0,3.5,0,6,16,1,More than 10,More than 5,0,Yes,51003.6,-43.15683,-22.397957,0.745,0.763
3303955,Pinheiral,RJ,82.254,28200280.0,10.1,1,2,0,0,0,1 to 3,1 or 2,Yes,56826.17,-43.99755,-22.543326,0.715,0.709
3304003,Piraí,RJ,490.255,25668030.0,8.8,0,1,0,0,0,1 to 3,0,Yes,82208.92,-43.90171,-22.633588,0.708,0.714
3304110,Porto Real,RJ,50.892,14673250.0,74.0,0,1,0,0,0,1 to 3,0,Yes,209624.88,-44.32604,-22.441117,0.713,0.688
3304128,Quatis,RJ,284.826,14082930.0,22.8,0,2,0,0,0,1 to 3,0,Yes,20945.97,-44.2371,-22.355152,0.69,0.676
3304144,Queimados,RJ,75.927,75926770.0,6.0,0,2,0,0,0,1 to 3,0,Yes,28636.92,-43.58492,-22.725415,0.68,0.659
3304201,Resende,RJ,1099.336,64298060.0,47.3,0,3,0,2,0,1 to 3,0,Yes,80712.15,-44.52204,-22.559725,0.768,0.762
3304300,Rio Bonito,RJ,459.458,45231860.0,15.4,0,4,0,0,0,4 or 5,0,Yes,30057.69,-42.58807,-22.735015,0.71,0.705
3304409,Rio Claro,RJ,846.797,5814795.0,11.4,0,3,0,1,0,1 to 3,0,Yes,23342.67,-44.07838,-22.780482,0.683,0.7
3304524,Rio das Ostras,RJ,228.044,130745700.0,0.0,0,0,0,0,0,0,0,Yes,56096.82,-41.94652,-22.454216,0.773,0.784
3304557,Rio de Janeiro,RJ,1200.329,1142627000.0,44.9,5,0,1,5,1 to 4,0,3 to 5,Yes,53078.23,-43.45804,-22.925479,0.799,0.84
3304904,São Gonçalo,RJ,248.16,247547900.0,32.6,0,2,1,0,1 to 4,1 to 3,0,Yes,18504.81,-42.9965,-22.825592,0.739,0.711
3305000,São João da Barra,RJ,452.396,2330644.0,0.0,0,3,0,0,0,1 to 3,0,No,269169.78,-41.08082,-21.782256,0.671,0.686
3305109,São João de Meriti,RJ,35.216,35215560.0,46.7,0,1,0,0,0,1 to 3,0,Yes,18935.5,-43.3653,-22.785148,0.719,0.693
3305208,São Pedro da Aldeia,RJ,332.488,147604600.0,36.0,0,0,0,0,0,0,0,Yes,25509.14,-42.12607,-22.788364,0.712,0.721
3305505,Saquarema,RJ,352.13,59643610.0,29.7,0,1,0,1,0,1 to 3,0,Yes,458767.96,-42.51884,-22.878141,0.709,0.714
3305554,Seropédica,RJ,265.189,215983400.0,13.1,0,1,0,1,0,1 to 3,0,Yes,56977.34,-43.69857,-22.755538,0.713,0.695
3305752,Tanguá,RJ,143.007,68581790.0,36.2,1,3,0,0,0,1 to 3,1 or 2,Yes,19902.27,-42.72545,-22.782187,0.654,0.644
3305802,Teresópolis,RJ,773.338,164677900.0,4.9,1,2,0,2,0,1 to 3,1 or 2,Yes,31880.03,-42.87338,-22.314071,0.73,0.752
3306008,Três Rios,RJ,322.843,64642960.0,15.7,0,1,0,1,0,1 to 3,0,Yes,76977.41,-43.1069,-22.140972,0.725,0.725
3306305,Volta Redonda,RJ,182.105,163500400.0,13.9,0,0,0,0,0,0,0,Yes,71551.44,-44.08893,-22.490923,0.771,0.763
3502507,Aparecida,SP,120.89,28845070.0,0.1,0,0,0,0,0,0,0,Yes,28750.03,-45.23722,-22.914206,0.755,0.735
3508603,Cachoeira Paulista,SP,287.99,8634687.0,0.0,0,1,0,1,0,1 to 3,0,No,19914.05,-44.99167,-22.702376,0.764,0.733
3509957,Canas,SP,53.261,13806770.0,0.0,0,0,0,0,0,0,0,No,24688.77,-45.04136,-22.73007,0.704,0.646
3513405,Cruzeiro,SP,305.699,38717900.0,0.0,1,0,0,0,0,0,1 or 2,No,38390.41,-45.01342,-22.535126,0.788,0.742
3518404,Guaratinguetá,SP,752.636,77983580.0,30.1,1,0,0,0,0,0,1 or 2,Yes,63948.0,-45.33756,-22.706555,0.798,0.764
3526605,Lavrinhas,SP,167.067,26145980.0,0.0,0,0,0,0,0,0,0,No,18111.28,-44.88886,-22.520346,0.729,0.665
3527207,Lorena,SP,414.16,48573850.0,0.0,0,1,0,0,0,1 to 3,0,No,43299.19,-45.04777,-22.830539,0.766,0.736
3540754,Potim,SP,44.643,13102190.0,21.3,0,1,0,0,0,1 to 3,0,Yes,12047.78,-45.26921,-22.837596,0.697,0.651
3544301,Roseira,SP,129.847,7946586.0,0.0,0,0,0,0,0,0,0,Yes,34421.96,-45.30247,-22.933049,0.737,0.691
3103504,Araguari,MG,2729.777,41776550.0,0.0,0,0,0,0,0,0,0,No,49322.18,-48.22205,-18.577113,0.773,0.74
3103751,Araporã,MG,294.354,8742125.0,0.0,0,0,0,0,0,0,0,No,185156.76,-49.12725,-18.477376,0.708,0.676
3147006,Paracatu,MG,8231.029,48719850.0,0.0,0,0,0,1,0,0,0,No,76144.41,-46.88424,-17.172988,0.744,0.704
3148004,Patos de Minas,MG,3190.456,61668550.0,0.0,0,1,0,1,0,1 to 3,0,No,39738.04,-46.50773,-18.597042,0.765,0.749
3148103,Patrocínio,MG,2874.344,27852110.0,0.0,0,0,0,1,0,0,0,No,39932.3,-47.05125,-18.970516,0.729,0.723
3170404,Unaí,MG,8445.432,58666430.0,23.9,0,2,0,2,0,1 to 3,0,Yes,50544.26,-46.81956,-16.375773,0.736,0.723
5200050,Abadia de Goiás,GO,143.357,95047880.0,0.0,0,0,0,0,0,0,0,No,38622.0,-49.4521,-16.785572,0.708,0.687
5200100,Abadiânia,GO,1044.555,780128.2,0.0,0,0,0,0,0,0,0,No,21334.94,-48.82175,-16.131188,0.689,0.671
5200258,Águas Lindas de Goiás,GO,191.817,123378200.0,0.0,0,0,0,0,0,0,0,No,11052.96,-48.28573,-15.755754,0.686,0.647
5201108,Anápolis,GO,935.672,441576800.0,0.0,0,0,0,0,0,0,0,No,44860.34,-48.86109,-16.31657,0.737,0.737
5201405,Aparecida de Goiânia,GO,279.954,227444900.0,0.0,0,3,0,0,0,1 to 3,0,No,28213.26,-49.26124,-16.786599,0.718,0.716
5201801,Aragoiânia,GO,218.125,91264340.0,0.0,0,0,0,0,0,0,0,No,16321.67,-49.41874,-16.95147,0.684,0.683
5203609,Brazabrantes,GO,125.326,29070630.0,0.0,0,0,0,0,0,0,0,No,24615.27,-49.3774,-16.386133,0.701,0.677
5204508,Caldas Novas,GO,1608.523,41772470.0,0.0,0,0,0,0,0,0,0,No,31527.54,-48.64633,-17.709551,0.733,0.739
5204854,Campo Limpo de Goiás,GO,156.113,45389700.0,0.0,0,0,0,0,0,0,0,No,20415.37,-49.10264,-16.286653,0.661,0.654
5205109,Catalão,GO,3826.37,46746130.0,0.0,0,0,0,2,0,0,0,No,87685.74,-47.66486,-17.930889,0.766,0.769
5205208,Caturaí,GO,205.065,5676148.0,0.0,0,0,0,0,0,0,0,No,19635.13,-49.5707,-16.450507,0.664,0.665
5205497,Cidade Ocidental,GO,389.984,14137580.0,0.0,0,0,0,0,0,0,0,No,13528.98,-47.81907,-16.123986,0.717,0.706
5205513,Cocalzinho de Goiás,GO,1785.339,17353440.0,0.0,0,0,0,0,0,0,0,No,21006.17,-48.60236,-15.655766,0.657,0.648
5208004,Formosa,GO,5804.292,38776340.0,0.0,0,0,0,1,0,0,0,No,25836.62,-47.2469,-15.307533,0.744,0.726
5208152,Gameleira de Goiás,GO,588.328,87773.99,0.0,0,0,0,0,0,0,0,No,79664.33,-48.67375,-16.403418,0.659,0.692
5208400,Goianápolis,GO,166.642,18754910.0,0.0,0,0,0,0,0,0,0,No,26244.18,-49.03349,-16.498774,0.703,0.678
5208608,Goianésia,GO,1547.319,25849520.0,0.0,0,0,1,1,1 to 4,0,0,No,26209.49,-49.16645,-15.275096,0.727,0.719
5208707,Goiânia,GO,729.296,663709400.0,0.0,0,0,0,2,0,0,0,No,38483.54,-49.27378,-16.643551,0.799,0.824
5208806,Goianira,GO,213.772,153514100.0,0.0,0,0,0,0,0,0,0,No,23827.46,-49.4286,-16.50028,0.694,0.674
5209200,Guapó,GO,514.178,77466810.0,0.0,0,0,0,0,0,0,0,No,24473.26,-49.57183,-16.911529,0.697,0.708
5209705,Hidrolândia,GO,952.122,227176700.0,0.0,0,0,0,0,0,0,0,No,58986.49,-49.26682,-17.011515,0.706,0.707
5210000,Inhumas,GO,614.887,2481910.0,0.0,0,0,0,0,0,0,0,No,26208.47,-49.51592,-16.307607,0.72,0.718
5211503,Itumbiara,GO,2447.014,59886890.0,0.0,0,0,0,1,0,0,0,No,49832.28,-49.21445,-18.319958,0.752,0.744
5212501,Luziânia,GO,3962.107,143998600.0,0.0,0,1,0,1,0,1 to 3,0,No,25322.67,-47.99164,-16.48181,0.701,0.689
5214507,Nerópolis,GO,204.713,22393250.0,0.0,0,0,0,0,0,0,0,No,33014.91,-49.18478,-16.42677,0.721,0.681
5215009,Nova Veneza,GO,122.354,4050952.0,0.0,0,0,0,0,0,0,0,No,19352.83,-49.3065,-16.358539,0.718,0.671
5215231,Novo Gama,GO,192.285,46703170.0,0.0,0,0,0,0,0,0,0,No,9645.45,-48.07454,-16.124875,0.684,0.664
5217609,Planaltina,GO,2558.924,65396850.0,0.0,0,0,0,0,0,0,0,No,15906.74,-47.75037,-15.284479,0.669,0.653
5219738,Santo Antônio de Goiás,GO,135.022,132328900.0,0.0,0,0,0,0,0,0,0,No,23484.36,-49.29307,-16.476722,0.723,0.687
5219753,Santo Antônio do Descoberto,GO,943.948,36864350.0,0.0,0,0,0,0,0,0,0,No,10740.31,-48.25367,-16.182148,0.665,0.647
5220454,Senador Canedo,GO,247.005,72050410.0,0.0,0,0,0,0,0,0,0,No,39235.95,-49.10728,-16.70455,0.701,0.676
5220603,Silvânia,GO,2349.924,1118879.0,0.0,0,0,0,1,0,0,0,No,62830.64,-48.55746,-16.607105,0.709,0.721
5221197,Terezópolis de Goiás,GO,107.407,24913210.0,0.0,0,0,0,0,0,0,0,No,25350.44,-49.07307,-16.442332,0.685,0.655
5221403,Trindade,GO,712.69,68141670.0,0.0,0,0,0,0,0,0,0,No,20200.76,-49.54476,-16.640181,0.699,0.682
5221858,Valparaíso de Goiás,GO,61.488,54050540.0,0.0,0,0,0,0,0,0,0,No,16870.66,-47.98852,-16.084663,0.746,0.733
5300108,Brasília,DF,5760.784,1411153000.0,0.0,1,0,0,6,0,0,1 or 2,No,92732.27,-47.79685,-15.781166,0.824,0.863
2916401,Itapetinga,BA,1651.158,20878670.0,0.0,0,1,0,1,0,1 to 3,0,No,18952.34,-40.05752,-15.29928,0.667,0.667
2931350,Teixeira de Freitas,BA,1165.622,67485070.0,0.0,0,0,0,0,0,0,0,No,17504.82,-39.78688,-17.424098,0.685,0.683
2933307,Vitória da Conquista,BA,3254.186,309187900.0,0.0,0,2,0,2,0,1 to 3,0,No,23907.93,-40.91316,-15.022284,0.678,0.681
3101805,Alpercata,MG,166.972,52307420.0,0.0,0,2,0,0,0,1 to 3,0,No,12700.99,-42.0192,-18.983743,0.646,0.629
3120904,Curvelo,MG,3296.2,58881480.0,0.0,0,0,0,1,0,0,0,No,27509.61,-44.44789,-18.819908,0.713,0.689
3127701,Governador Valadares,MG,2342.325,185426700.0,34.0,0,8,0,1,0,More than 5,0,Yes,26165.06,-41.96356,-18.783426,0.727,0.714
3131109,Inimutaba,MG,527.06,3783686.0,0.0,0,0,0,0,0,0,0,No,11931.24,-44.29192,-18.730259,0.664,0.625
3135100,Janaúba,MG,2181.319,33286090.0,0.0,0,3,0,0,0,1 to 3,0,No,22157.83,-43.41863,-15.822488,0.696,0.654
3143302,Montes Claros,MG,3589.811,219758800.0,8.2,0,4,0,2,0,4 or 5,0,Yes,25870.23,-43.92882,-16.620718,0.77,0.707
3145059,Nova Porteirinha,MG,120.943,22391600.0,0.0,0,0,0,1,0,0,0,No,15515.42,-43.27504,-15.734575,0.641,0.584
3151206,Pirapora,MG,549.514,34752760.0,25.9,0,3,0,1,0,1 to 3,0,Yes,50580.69,-44.86745,-17.393347,0.731,0.693
3168606,Teófilo Otoni,MG,3242.27,84546020.0,12.3,0,1,0,1,0,1 to 3,0,Yes,20893.97,-41.38366,-17.714603,0.701,0.698
3201605,Conceição da Barra,ES,1182.587,1181385.0,75.5,0,1,0,0,0,1 to 3,0,Yes,19284.89,-39.83337,-18.445137,0.681,0.648
3204906,São Mateus,ES,2346.049,86350500.0,33.8,0,1,0,1,0,1 to 3,0,Yes,21894.57,-40.06244,-18.635308,0.735,0.719
2913606,Ilhéus,BA,1588.555,186357000.0,0.0,0,2,0,1,0,1 to 3,0,No,32756.0,-39.1347,-14.7826769,0.69,0.688
2914802,Itabuna,BA,401.028,61286280.0,0.0,0,5,0,0,0,4 or 5,0,No,19618.7,-39.30458,-14.8106356,0.712,0.695
2925303,Porto Seguro,BA,2285.734,60438400.0,0.0,0,2,0,1,0,1 to 3,0,No,24702.76,-39.2791,-16.625013,0.676,0.673
1100023,Ariquemes,RO,4426.571,59627230.0,0.0,0,0,0,1,0,0,0,No,28878.27,-62.95726,-99.5189,0.702,0.716
1100049,Cacoal,RO,3793.0,53666890.0,22.6,0,1,0,1,0,1 to 3,0,Yes,32313.26,-61.32473,-11.3012874,0.718,0.727
1100122,Ji-Paraná,RO,6896.649,78508260.0,0.0,0,0,0,0,0,0,0,No,32292.16,-61.75725,-10.4622205,0.714,0.728
1100205,Porto Velho,RO,34090.952,191770200.0,12.6,0,2,0,1,0,1 to 3,0,Yes,36541.49,-64.52365,-94.890638,0.736,0.764
1100304,Vilhena,RO,11699.15,45722390.0,0.0,0,0,0,1,0,0,0,No,40328.81,-60.03327,-12.2638155,0.731,0.734
1200203,Cruzeiro do Sul,AC,8783.47,53650880.0,0.0,0,0,21,1,More than 10,0,0,No,22934.82,-72.36713,-79.083086,0.664,0.648
1200401,Rio Branco,AC,8835.154,265322000.0,21.9,6,9,15,1,More than 10,More than 5,More than 5,Yes,26119.02,-68.37106,-10.0661349,0.727,0.729
1301209,Coari,AM,57970.768,28807530.0,0.0,0,4,0,1,0,4 or 5,0,No,38982.37,-64.08144,-45.671112,0.586,0.606
1301852,Iranduba,AM,2216.817,20424520.0,0.0,0,5,0,0,0,4 or 5,0,No,20150.9,-60.71919,-29.77952,0.613,0.607
1301902,Itacoatiara,AM,8891.906,23839570.0,0.0,0,4,0,2,0,4 or 5,0,No,22590.61,-58.77534,-31.741235,0.644,0.618
1302504,Manacapuru,AM,7336.579,24833700.0,0.0,0,7,0,1,0,More than 5,0,No,15506.76,-60.89703,-34.084364,0.614,0.604
1302603,Manaus,AM,11401.092,429565500.0,0.0,1,4,5,2,5 to 10,4 or 5,1 or 2,No,45782.75,-60.39203,-25.368736,0.737,0.738
1303403,Parintins,AM,5956.047,14899340.0,0.0,0,4,0,1,0,4 or 5,0,No,12255.21,-56.64919,-26.721306,0.658,0.589
1400100,Boa Vista,RR,5687.037,148828200.0,18.5,0,2,0,2,0,1 to 3,0,Yes,30906.19,-60.71795,311.7915,0.752,0.737
1400175,Cantá,RR,7664.831,25005590.0,0.0,0,3,0,0,0,1 to 3,0,No,18334.7,-60.54228,227.28367,0.619,0.581
1500602,Altamira,PA,159533.306,37747710.0,42.8,0,2,0,2,0,1 to 3,0,Yes,26595.8,-53.88668,-64.861718,0.665,0.662
1503606,Itaituba,PA,62042.472,27814610.0,11.9,0,3,0,3,0,1 to 3,0,Yes,30318.38,-55.73285,-58.98851,0.64,0.644
1506807,Santarém,PA,17898.389,199658600.0,10.1,0,4,1,1,1 to 4,4 or 5,0,Yes,20725.66,-55.76978,-27.724506,0.691,0.632
5107909,Sinop,MT,3990.87,106344500.0,0.0,0,0,0,1,0,0,0,No,64607.12,-55.50152,-11.7108541,0.754,0.755
5107925,Sorriso,MT,9293.629,41745970.0,0.0,0,1,0,1,0,1 to 3,0,No,131899.11,-55.68138,-12.73731,0.744,0.774
1709500,Gurupi,TO,1844.164,34784790.0,0.0,0,0,0,1,0,0,0,No,29950.02,-48.88736,-11.651597,0.759,0.736
1721000,Palmas,TO,2227.329,147070900.0,0.0,0,0,0,2,0,0,0,No,32977.35,-48.10815,-10.2865419,0.788,0.789
2914604,Irecê,BA,319.174,35777530.0,0.0,0,1,0,1,0,1 to 3,0,No,20694.32,-41.83897,-11.3094494,0.691,0.661
1504208,Marabá,PA,15128.058,92381580.0,34.3,0,5,0,2,0,4 or 5,0,Yes,47010.21,-50.01696,-56.297997,0.668,0.673
1505536,Parauapebas,PA,6885.794,69542890.0,0.0,0,1,0,1,0,1 to 3,0,No,227449.71,-50.46572,-60.615167,0.715,0.701
1506138,Redenção,PA,3823.809,38748900.0,0.0,0,0,0,1,0,0,0,No,29567.91,-50.19812,-80.69329,0.672,0.674
1702109,Araguaína,TO,4004.646,132763000.0,10.3,0,1,0,2,0,1 to 3,0,Yes,28129.89,-48.35074,-72.99571,0.752,0.727
1720200,São Miguel do Tocantins,TO,406.957,43055670.0,0.0,0,0,0,0,0,0,0,No,20555.57,-47.61267,-55.091076,0.623,0.582
1722081,Wanderlândia,TO,1365.431,367700.6,0.0,0,0,0,0,0,0,0,No,15566.87,-48.00198,-69.100601,0.638,0.619
2100055,Açailândia,MA,5805.159,42716450.0,0.0,0,0,0,0,0,0,0,No,33649.84,-47.43213,-48.380999,0.672,0.643
2103752,Davinópolis,MA,332.249,4524995.0,0.0,0,1,0,0,0,1 to 3,0,No,14720.3,-47.30045,-55.987128,0.607,0.561
2105302,Imperatriz,MA,1369.039,145411800.0,44.1,0,1,0,2,0,1 to 3,0,Yes,29592.7,-47.57524,-53.397714,0.731,0.697
2105500,João Lisboa,MA,1137.104,15626130.0,0.0,0,0,0,0,0,0,0,No,11431.55,-47.12639,-52.293284,0.641,0.585
2101509,Barão de Grajaú,MA,2209.414,9006683.0,0.0,0,1,0,0,0,1 to 3,0,No,14115.69,-43.18805,-65.928789,0.592,0.578
2103000,Caxias,MA,5201.927,93382030.0,0.0,0,1,0,1,0,1 to 3,0,No,12716.38,-43.3457,-49.251888,0.624,0.595
2103307,Codó,MA,4361.606,68543230.0,0.0,0,1,0,0,0,1 to 3,0,No,13364.78,-43.88601,-46.072518,0.595,0.568
2112209,Timon,MA,1763.22,204404500.0,0.1,0,1,0,0,0,1 to 3,0,Yes,13547.65,-42.98107,-51.855909,0.649,0.614
2200400,Altos,PI,957.232,1031870.0,0.0,0,2,0,0,0,1 to 3,0,No,13219.3,-42.46972,-50.148033,0.614,0.59
2203305,Demerval Lobão,PI,216.807,1324821.0,0.0,0,0,0,0,0,0,0,No,15267.54,-42.67165,-53.392932,0.618,0.588
2203909,Floriano,PI,3407.979,29739450.0,0.0,0,1,0,2,0,1 to 3,0,No,24441.02,-43.07938,-70.058064,0.7,0.676
2211001,Teresina,PI,1391.293,814462200.0,20.3,0,1,0,2,0,1 to 3,0,Yes,27430.28,-42.74061,-51.026581,0.751,0.731
2301901,Barbalha,CE,608.158,32390700.0,0.0,0,1,0,1,0,1 to 3,0,No,21815.78,-39.32715,-73.657409,0.683,0.613
2304954,Guaiúba,CE,256.053,24054940.0,0.0,0,0,0,0,0,0,0,No,8751.83,-38.66985,-41.022532,0.617,0.546
2305233,Horizonte,CE,160.557,15428240.0,0.0,0,1,0,0,0,1 to 3,0,No,30381.03,-38.46501,-41.021816,0.658,0.594
2305506,Iguatu,CE,992.208,93385510.0,0.0,0,2,0,1,0,1 to 3,0,No,18380.39,-39.28186,-63.584812,0.677,0.642
2307304,Juazeiro do Norte,CE,258.788,100866000.0,0.0,0,3,0,0,0,1 to 3,0,No,18381.08,-39.28616,-71.828142,0.694,0.644
2309607,Pacajus,CE,250.304,63052430.0,0.0,0,1,0,0,0,1 to 3,0,No,18349.45,-38.49833,-41.838234,0.659,0.609
2402006,Caicó,RN,1228.584,26823590.0,0.0,0,0,0,2,0,0,0,No,20295.8,-37.03794,-64.675618,0.71,0.703
2402600,Ceará-Mirim,RN,724.838,5096754.0,0.0,0,0,0,1,0,0,0,No,13494.44,-35.39522,-55.954703,0.616,0.599
2403251,Parnamirim,RN,124.006,123765000.0,0.0,0,2,0,0,0,1 to 3,0,No,25121.67,-35.25228,-59.138491,0.766,0.75
2403608,Extremoz,RN,140.639,124069300.0,0.0,0,3,0,0,0,1 to 3,0,No,19480.39,-35.27662,-56.630309,0.66,0.64
2404309,Governador Dix-Sept Rosado,RN,1129.55,1075328.0,0.0,0,2,0,0,0,1 to 3,0,No,29451.9,-37.53675,-53.950738,0.592,0.564
2407104,Macaíba,RN,510.092,71667090.0,0.0,0,2,0,0,0,1 to 3,0,No,22071.67,-35.42877,-59.268585,0.64,0.613
2408003,Mossoró,RN,2099.334,366490100.0,9.0,0,2,0,0,0,1 to 3,0,Yes,26570.03,-37.32553,-51.758102,0.72,0.694
2408102,Natal,RN,167.401,164537500.0,0.0,0,3,0,2,0,1 to 3,0,No,26972.28,-35.22214,-58.026319,0.763,0.768
2408201,Nísia Floresta,RN,307.719,35217070.0,0.0,0,0,0,0,0,0,0,No,16794.8,-35.17322,-60.5492,0.622,0.601
2412005,São Gonçalo do Amarante,RN,249.8,104762300.0,0.0,0,0,0,0,0,0,0,No,18157.09,-35.36481,-57.877414,0.661,0.619
2412203,São José de Mipibu,RN,289.987,30978640.0,0.0,0,1,0,0,0,1 to 3,0,No,23357.8,-35.26076,-60.660127,0.611,0.599
2500403,Alagoa Nova,PB,128.23,3911994.0,0.0,0,1,0,0,0,1 to 3,0,No,15961.14,-35.76752,-70.693204,0.576,0.567
2500601,Alhandra,PB,183.974,80862.69,0.0,0,2,0,0,0,1 to 3,0,No,171143.98,-34.93332,-73.486197,0.582,0.544
2501807,Bayeux,PB,27.705,26508240.0,0.0,0,1,6,0,5 to 10,1 to 3,0,No,14016.16,-34.94023,-71.425001,0.649,0.619
2503209,Cabedelo,PB,29.873,29095780.0,0.0,0,3,0,1,0,1 to 3,0,No,45182.89,-34.84503,-70.35914,0.748,0.782
2504009,Campina Grande,PB,591.658,222814300.0,0.0,0,4,0,2,0,4 or 5,0,No,25066.11,-36.01898,-72.735274,0.72,0.702
2504603,Conde,PB,171.267,96509480.0,0.0,0,1,0,0,0,1 to 3,0,No,50786.89,-34.86066,-72.820263,0.618,0.591
2507507,João Pessoa,PB,210.044,187329200.0,0.0,1,1,0,1,0,1 to 3,1 or 2,No,26936.78,-34.86953,-71.654654,0.763,0.77
2508307,Lagoa Seca,PB,108.219,90158810.0,0.0,0,1,0,0,0,1 to 3,0,No,11171.49,-35.86632,-71.462471,0.627,0.621
2508604,Lucena,PB,93.8,795091.0,0.0,0,1,0,0,0,1 to 3,0,No,16716.6,-34.91224,-69.188832,0.583,0.577
2509206,Massaranduba,PB,209.402,28975610.0,0.0,0,1,0,0,0,1 to 3,0,No,9262.0,-35.75596,-72.007585,0.567,0.552
2509339,Matinhas,PB,36.522,10232210.0,0.0,0,1,0,0,0,1 to 3,0,No,11933.63,-35.77168,-71.183767,0.541,0.531
2510808,Patos,PB,472.892,40720590.0,0.0,0,1,0,2,0,1 to 3,0,No,18329.13,-37.31689,-69.95486,0.701,0.667
2512002,Pocinhos,PB,623.967,5797726.0,0.0,0,2,0,0,0,1 to 3,0,No,15101.87,-36.09366,-70.626602,0.591,0.556
2512408,Puxinanã,PB,71.118,45907230.0,0.0,0,1,0,0,0,1 to 3,0,No,9987.45,-35.96164,-71.487502,0.617,0.574
2512507,Queimadas,PB,402.748,49431800.0,0.0,0,1,0,0,0,1 to 3,0,No,13646.91,-35.9137,-73.994213,0.608,0.578
2513703,Santa Rita,PB,718.576,61843050.0,0.0,0,3,0,0,0,1 to 3,0,No,18949.73,-35.00007,-70.672976,0.627,0.597
2514602,São José do Bonfim,PB,153.629,13750.03,0.0,0,0,0,0,0,0,0,No,8943.38,-37.30087,-71.492666,0.578,0.549
2515104,São Sebastião de Lagoa de Roça,PB,46.372,26616320.0,0.0,0,1,0,0,0,1 to 3,0,No,8970.65,-35.85505,-70.925136,0.594,0.561
2600054,Abreu e Lima,PE,126.384,68745110.0,7.4,0,0,0,0,0,0,0,Yes,17123.06,-35.00036,-79.061676,0.679,0.625
2600302,Agrestina,PE,200.369,4283800.0,0.0,0,2,0,0,0,1 to 3,0,No,13980.13,-35.94525,-84.566138,0.592,0.581
2601201,Arcoverde,PE,323.369,54636110.0,0.0,0,0,0,2,0,0,0,No,16141.61,-37.01033,-83.848422,0.667,0.654
2601706,Belo Jardim,PE,647.696,53632080.0,0.0,0,1,0,0,0,1 to 3,0,No,35942.24,-36.40617,-82.766345,0.629,0.617
2601904,Bezerros,PE,492.632,4878753.0,0.0,0,3,0,0,0,1 to 3,0,No,15794.39,-35.78215,-82.180332,0.606,0.608
2602407,Brejão,PE,159.786,8515993.0,0.0,0,0,0,0,0,0,0,No,20451.9,-36.52987,-90.267482,0.547,0.54
2602605,Brejo da Madre de Deus,PE,762.346,12792960.0,0.0,0,2,0,0,0,1 to 3,0,No,8924.43,-36.28141,-80.756433,0.562,0.581
2602803,Buíque,PE,1320.871,11368.55,0.0,0,2,0,0,0,1 to 3,0,No,9235.21,-37.12087,-86.490403,0.527,0.497
2602902,Cabo de Santo Agostinho,PE,445.343,146030400.0,33.3,0,5,2,0,1 to 4,4 or 5,0,Yes,65022.05,-35.08591,-82.69228,0.686,0.654
2603454,Camaragibe,PE,51.321,51321430.0,4.9,0,4,0,0,0,4 or 5,0,Yes,13940.29,-34.99581,-79.867755,0.692,0.656
2604007,Carpina,PE,147.017,46326620.0,0.0,0,0,0,0,0,0,0,No,20496.82,-35.31048,-77.99088,0.68,0.63
2604106,Caruaru,PE,923.15,262290600.0,6.6,0,1,0,1,0,1 to 3,0,Yes,23456.58,-36.0984,-81.128189,0.677,0.681
2604403,Chã de Alegria,PE,48.993,240204.0,11.0,0,0,0,0,0,0,0,Yes,12371.37,-35.22209,-79.990413,0.604,0.546
2604502,Chã Grande,PE,84.848,526233.5,0.0,0,4,0,0,0,4 or 5,0,No,11454.82,-35.47398,-82.295234,0.599,0.603
2606002,Garanhuns,PE,458.552,94410570.0,0.0,0,2,0,1,0,1 to 3,0,No,21769.91,-36.50179,-88.745841,0.664,0.662
2606101,Glória do Goitá,PE,234.214,15049220.0,17.9,0,0,0,0,0,0,0,Yes,17979.59,-35.33841,-80.125227,0.604,0.57
2606200,Goiana,PE,445.405,29805790.0,0.0,0,3,0,0,0,1 to 3,0,No,132714.72,-34.9425,-75.968758,0.651,0.614
2606408,Gravatá,PE,503.946,53126890.0,0.0,0,2,0,0,0,1 to 3,0,No,15938.31,-35.56355,-81.983517,0.634,0.63
2606804,Igarassu,PE,306.879,141356800.0,0.0,0,1,0,0,0,1 to 3,0,No,29003.48,-34.97026,-78.104117,0.665,0.622
2607208,Ipojuca,PE,521.801,1549841.0,59.6,0,3,0,0,0,1 to 3,0,Yes,150647.79,-35.08932,-84.373496,0.619,0.613
2607604,Ilha de Itamaracá,PE,66.146,44203680.0,0.0,0,0,0,0,0,0,0,No,11051.57,-34.85442,-77.595296,0.653,0.627
2607752,Itapissuma,PE,73.968,37759320.0,0.0,0,0,0,0,0,0,0,No,87814.64,-34.9068,-77.451498,0.633,0.589
2607901,Jaboatão dos Guararapes,PE,258.724,229044700.0,32.1,18,5,26,0,More than 10,4 or 5,More than 5,Yes,22680.83,-35.00335,-81.52159,0.717,0.692
2608255,Jucati,PE,120.604,1927589.0,0.0,0,0,0,0,0,0,0,No,11197.05,-36.45956,-87.440666,0.55,0.541
2608453,Lagoa do Carro,PE,69.666,8043732.0,0.0,0,1,0,0,0,1 to 3,0,No,16313.12,-35.33672,-78.525884,0.609,0.566
2609402,Moreno,PE,196.073,33174570.0,0.0,0,4,0,0,0,4 or 5,0,No,13990.88,-35.14691,-81.438381,0.652,0.61
2609501,Nazaré da Mata,PE,130.572,3865093.0,0.0,0,4,0,0,0,4 or 5,0,No,21071.46,-35.23317,-77.371956,0.662,0.608
2609600,Olinda,PE,41.3,41300130.0,58.2,1,1,0,0,0,1 to 3,1 or 2,Yes,14700.91,-34.86637,-79.931004,0.735,0.704
2610608,Paudalho,PE,269.651,88139870.0,0.0,0,5,0,0,0,4 or 5,0,No,16153.32,-35.15507,-79.055828,0.639,0.612
2610707,Paulista,PE,96.932,96929900.0,41.2,1,0,4,0,1 to 4,0,1 or 2,Yes,16596.43,-34.87279,-79.431834,0.732,0.673
2611309,Pombos,PE,239.876,19907410.0,0.0,0,4,0,0,0,4 or 5,0,No,19577.38,-35.3873,-81.81682,0.598,0.584
2611606,Recife,PE,218.843,218843000.0,51.7,1,0,6,0,5 to 10,0,1 or 2,Yes,33094.37,-34.93309,-80.393449,0.772,0.798
2611705,Riacho das Almas,PE,314.003,1782562.0,0.0,0,0,0,0,0,0,0,No,12560.89,-35.8829,-80.819508,0.57,0.586
2612406,Sanharó,PE,268.686,1015102.0,0.0,0,2,0,0,0,1 to 3,0,No,9091.27,-36.54957,-83.653102,0.603,0.564
2612505,Santa Cruz do Capibaribe,PE,335.309,24211620.0,0.0,0,0,0,0,0,0,0,No,17222.96,-36.32529,-78.895676,0.648,0.667
2613206,São João,PE,258.334,30279000.0,0.0,0,0,0,0,0,0,0,No,16964.2,-36.37758,-88.799586,0.57,0.565
2613701,São Lourenço da Mata,PE,264.19,154202800.0,0.0,0,1,0,0,0,1 to 3,0,Yes,12568.1,-35.10408,-80.230936,0.653,0.614
2613909,Serra Talhada,PE,2980.007,23845520.0,0.0,0,1,0,1,0,1 to 3,0,No,19359.84,-38.36973,-80.361,0.661,0.632
2615003,Taquaritinga do Norte,PE,475.184,14660650.0,0.0,0,0,0,0,0,0,0,No,11354.57,-36.13046,-78.694379,0.641,0.636
2615508,Tracunhaém,PE,137.321,5595512.0,0.0,0,0,0,0,0,0,0,No,12746.76,-35.17147,-77.809271,0.605,0.567
2616407,Vitória de Santo Antão,PE,335.942,164921200.0,4.2,0,3,0,0,0,1 to 3,0,Yes,32423.08,-35.28763,-81.500213,0.64,0.629
2700300,Arapiraca,AL,345.655,286105600.0,0.0,0,0,0,1,0,0,0,No,25248.44,-36.64101,-97.492891,0.649,0.638
2702009,Coité do Nóia,AL,88.759,1417071.0,0.0,0,0,0,0,0,0,0,No,19962.67,-36.58224,-96.298786,0.533,0.52
2702207,Coqueiro Seco,AL,39.608,39608020.0,0.0,0,1,0,0,0,1 to 3,0,Yes,16327.02,-35.80874,-96.422618,0.586,0.582
2702355,Craíbas,AL,278.879,8557784.0,0.0,0,0,0,0,0,0,0,No,19704.12,-36.78811,-96.2953,0.525,0.517
2702405,Delmiro Gouveia,AL,628.545,7468801.0,0.0,0,1,0,0,0,1 to 3,0,No,12834.04,-38.04712,-93.975845,0.612,0.599
2702603,Feira Grande,AL,175.906,36724580.0,0.0,0,0,0,0,0,0,0,No,19265.73,-36.66289,-98.89321,0.533,0.512
2703759,Jequiá da Praia,AL,334.265,1900697.0,0.0,0,1,0,0,0,1 to 3,0,No,33230.86,-36.1218,-98.86609,0.556,0.517
2704104,Lagoa da Canoa,AL,83.621,18346760.0,0.0,0,0,0,0,0,0,0,No,15431.61,-36.73597,-97.999277,0.552,0.541
2704203,Limoeiro de Anadia,AL,309.205,20487030.0,0.0,0,1,0,0,0,1 to 3,0,No,23703.54,-36.46773,-97.323864,0.58,0.575
2704302,Maceió,AL,509.32,243282200.0,18.4,2,1,0,1,0,1 to 3,1 or 2,Yes,26642.2,-35.71139,-95.223917,0.721,0.739
2704708,Marechal Deodoro,AL,340.98,98391270.0,50.5,0,1,0,0,0,1 to 3,0,Yes,64514.89,-35.90962,-97.152976,0.642,0.641
2705200,Messias,AL,114.156,1859738.0,0.0,0,2,0,0,0,1 to 3,0,No,12147.11,-35.81235,-93.43608,0.568,0.557
2706901,Pilar,AL,259.614,59562920.0,0.0,0,0,0,0,0,0,0,No,19147.73,-36.00463,-96.153167,0.61,0.578
2707701,Rio Largo,AL,293.816,131702800.0,0.0,0,2,0,0,0,1 to 3,0,No,18806.12,-35.86444,-94.80041,0.643,0.616
2707909,Santa Luzia do Norte,AL,28.857,28857120.0,0.0,0,0,0,0,0,0,0,No,37770.24,-35.8299,-96.120736,0.597,0.58
2708600,São Miguel dos Campos,AL,335.683,29897550.0,0.0,0,1,0,0,0,1 to 3,0,No,22027.55,-36.10078,-97.728068,0.623,0.612
2708907,Satuba,AL,41.268,41267770.0,0.0,0,1,0,0,0,1 to 3,0,No,18584.75,-35.84547,-95.781402,0.66,0.619
2800308,Aracaju,SE,182.163,156378300.0,0.0,0,2,0,1,0,1 to 3,0,No,27364.4,-37.09491,-10.9942023,0.77,0.784
2800506,Areia Branca,SE,148.134,1868922.0,0.0,0,0,0,0,0,0,0,No,13400.43,-37.33146,-10.7872002,0.579,0.579
2800605,Barra dos Coqueiros,SE,92.268,40241350.0,0.0,0,1,0,0,0,1 to 3,0,No,82114.31,-36.96942,-10.8511197,0.649,0.647
2801009,Campo do Brito,SE,201.518,19315700.0,0.0,0,0,0,0,0,0,0,No,12970.1,-37.50066,-10.7663219,0.621,0.625
2802908,Itabaiana,SE,337.295,123650400.0,0.0,0,1,0,1,0,1 to 3,0,No,22855.2,-37.42163,-10.6855915,0.642,0.645
2803609,Laranjeiras,SE,162.273,26489600.0,0.0,0,1,0,0,0,1 to 3,0,No,38315.91,-37.18617,-10.8045421,0.642,0.589
2804102,Moita Bonita,SE,95.416,3235794.0,0.0,0,0,0,0,0,0,0,No,18173.42,-37.34042,-10.5935909,0.587,0.596
2804805,Nossa Senhora do Socorro,SE,155.018,110919900.0,0.0,0,2,0,0,0,1 to 3,0,No,17219.66,-37.14555,-10.863838,0.664,0.62
2806602,Santo Amaro das Brotas,SE,236.965,35048200.0,0.0,0,0,0,0,0,0,0,No,13743.05,-36.98261,-10.7736515,0.637,0.613
2806701,São Cristóvão,SE,438.037,83984870.0,0.0,0,2,0,0,0,1 to 3,0,No,11203.61,-37.22043,-10.9622164,0.662,0.624
2900702,Alagoinhas,BA,707.835,133552600.0,0.0,0,1,0,0,0,1 to 3,0,No,29621.32,-38.40224,-12.1131257,0.683,0.681
2902203,Aramari,BA,368.947,29446750.0,0.0,0,2,0,0,0,1 to 3,0,No,9008.7,-38.52499,-12.0507222,0.588,0.568
2905701,Camaçari,BA,785.421,179010200.0,0.0,1,2,0,0,0,1 to 3,1 or 2,No,109866.84,-38.20299,-12.7141604,0.694,0.681
2906501,Candeias,BA,251.808,72193290.0,6.2,0,3,0,0,0,1 to 3,0,Yes,77650.5,-38.48116,-12.6784789,0.691,0.652
2908309,Conceição do Almeida,BA,284.836,13072250.0,0.0,0,0,0,0,0,0,0,No,11720.12,-39.29656,-12.882983,0.606,0.578
2908507,Conceição do Jacuípe,BA,114.869,6285491.0,0.0,0,0,0,0,0,0,0,No,82100.68,-38.74219,-12.3371925,0.663,0.63
2908903,Coração de Maria,BA,378.42,48924.31,0.0,0,0,0,0,0,0,0,No,10109.67,-38.78311,-12.2106491,0.592,0.558
2910057,Dias d'Ávila,BA,183.759,29499770.0,0.0,0,1,0,0,0,1 to 3,0,No,36442.65,-38.20092,-12.5954388,0.676,0.651
2910800,Feira de Santana,BA,1304.425,422203400.0,0.0,1,1,0,1,0,1 to 3,1 or 2,No,27691.08,-39.03399,-12.1930764,0.712,0.71
2911402,Glória,BA,1566.609,4375856.0,0.0,0,0,0,0,0,0,0,No,16667.38,-38.44476,-92.293658,0.593,0.563
2919207,Lauro de Freitas,BA,58.043,52061470.0,13.6,0,4,0,0,0,4 or 5,0,Yes,35778.64,-38.3273,-12.8634793,0.754,0.781
2921005,Mata de São João,BA,605.168,36365500.0,0.0,0,1,0,0,0,1 to 3,0,No,27889.83,-38.13824,-12.436869,0.668,0.648
2924009,Paulo Afonso,BA,1544.388,50755830.0,0.0,0,0,0,0,0,0,0,No,33262.53,-38.29368,-95.395787,0.674,0.678
2927408,Salvador,BA,693.453,309938300.0,8.8,0,4,0,3,0,4 or 5,0,Yes,21706.06,-38.51472,-12.8734906,0.759,0.772
2928604,Santo Amaro,BA,494.502,600820.1,0.0,0,2,0,0,0,1 to 3,0,No,18905.29,-38.76439,-12.5618248,0.646,0.626
2928703,Santo Antônio de Jesus,BA,261.74,35631290.0,0.0,0,0,0,0,0,0,0,No,23746.79,-39.22662,-13.0082966,0.7,0.677
2929206,São Francisco do Conde,BA,269.715,2590431.0,0.0,0,2,0,0,0,1 to 3,0,No,321810.96,-38.63198,-12.650836,0.674,0.641
2929305,São Gonçalo dos Campos,BA,294.768,104594400.0,0.0,0,0,0,0,0,0,0,No,30154.12,-38.94137,-12.4171775,0.627,0.636
2930709,Simões Filho,BA,201.418,133183000.0,0.0,0,4,0,0,0,4 or 5,0,Yes,46196.74,-38.40069,-12.7676732,0.675,0.641
2932903,Valença,BA,1123.975,37773270.0,0.0,0,2,0,1,0,1 to 3,0,No,17784.63,-39.19942,-13.3639718,0.623,0.619
1500107,Abaetetuba,PA,1610.654,38739690.0,0.0,0,0,0,0,0,0,0,No,12150.04,-48.88307,-17.302573,0.628,0.579
1500800,Ananindeua,PA,190.581,140659600.0,0.0,0,0,0,0,0,0,0,No,16542.68,-48.38354,-13.340769,0.718,0.684
1501402,Belém,PA,1059.466,223241600.0,53.8,2,0,0,2,0,0,1 or 2,Yes,22216.33,-48.54234,-12.310857,0.746,0.751
1501501,Benevides,PA,187.826,127515500.0,0.0,0,0,0,0,0,0,0,No,30668.86,-48.27562,-13.396176,0.665,0.623
1501709,Bragança,PA,2124.734,122201600.0,0.0,1,0,0,1,0,0,1 or 2,No,10679.0,-46.76359,-11.932152,0.6,0.589
1501808,Breves,PA,9566.572,12912840.0,0.0,0,0,0,2,0,0,0,No,8572.43,-50.57346,-11.95319,0.503,0.524
1502400,Castanhal,PA,1029.3,116121800.0,0.0,0,0,0,1,0,0,0,No,22897.75,-47.87698,-12.685149,0.673,0.654
1503408,Inhangapi,PA,472.605,94541.46,0.0,0,0,0,0,0,0,0,No,14541.47,-47.92267,-14.646771,0.572,0.55
1504422,Marituba,PA,103.214,56448290.0,0.0,0,0,0,0,0,0,0,No,18986.11,-48.31979,-13.974503,0.676,0.621
1505502,Paragominas,PA,19342.565,52646510.0,0.0,0,0,0,1,0,0,0,No,36952.54,-47.60315,-32.0345,0.645,0.667
1506351,Santa Bárbara do Pará,PA,278.154,24173870.0,0.0,0,0,0,0,0,0,0,No,11027.66,-48.25052,-11.943356,0.627,0.575
1506500,Santa Izabel do Pará,PA,717.662,11040190.0,0.0,0,0,0,0,0,0,0,No,12835.31,-48.12931,-13.652068,0.659,0.622
1507953,Tailândia,PA,4430.477,19866450.0,0.0,0,0,0,0,0,0,0,No,11579.35,-48.7367,-29.078189,0.588,0.583
1508035,Tracuateua,PA,868.025,968820.2,0.0,0,0,0,1,0,0,0,No,9044.03,-46.89383,0.0,0.531,0.514
2101251,Bacabeira,MA,542.962,866543.8,0.0,0,0,0,0,0,0,0,No,34352.98,-44.35797,-29.363464,0.629,0.558
2101772,Bela Vista do Maranhão,MA,147.954,5055172.0,0.0,0,2,0,0,0,1 to 3,0,No,9480.51,-45.26595,-37.578278,0.554,0.515
2106904,Monção,MA,1245.548,4793561.0,0.0,0,2,0,0,0,1 to 3,0,No,7604.26,-45.32105,-34.906511,0.546,0.499
2107506,Paço do Lumiar,MA,127.193,106418500.0,0.0,0,1,0,0,0,1 to 3,0,No,9903.22,-44.12407,-25.052286,0.724,0.646
2108504,Pindaré-Mirim,MA,268.285,37279060.0,0.0,0,1,0,0,0,1 to 3,0,No,8926.87,-45.47329,-37.375558,0.633,0.568
2109452,Raposa,MA,79.213,21090830.0,0.0,0,0,0,0,0,0,0,No,9060.95,-44.09829,-24.326911,0.626,0.568
2111201,São José de Ribamar,MA,180.363,76816640.0,0.4,0,1,1,0,1 to 4,1 to 3,0,Yes,12719.88,-44.13052,-25.742571,0.708,0.642
2111300,São Luís,MA,583.063,330903700.0,19.1,1,0,4,2,1 to 4,0,1 or 2,Yes,32739.65,-44.28073,-26.338776,0.768,0.741
2204659,Ilha Grande,PI,129.696,20446410.0,0.0,0,2,0,0,0,1 to 3,0,No,12619.94,-41.81416,-28.288612,0.563,0.534
2205706,Luís Correia,PI,1074.132,7659870.0,0.0,0,1,0,0,0,1 to 3,0,No,12392.72,-41.48168,-30.821602,0.541,0.544
2207702,Parnaíba,PI,436.907,171557200.0,0.0,0,2,0,1,0,1 to 3,0,No,19296.04,-41.75344,-29.591591,0.687,0.658
2308203,Meruoca,CE,151.651,7625152.0,0.0,0,1,0,0,0,1 to 3,0,No,8445.56,-40.45085,-35.785933,0.618,0.559
2303709,Caucaia,CE,1223.246,489842900.0,3.4,0,0,0,0,0,0,0,Yes,28229.51,-38.80969,-37.835903,0.682,0.62
2304285,Eusébio,CE,78.818,78818030.0,0.1,0,0,0,0,0,0,0,Yes,65008.58,-38.4576,-38.759812,0.701,0.7
2304400,Fortaleza,CE,312.353,312207500.0,25.1,2,0,0,2,0,0,1 or 2,Yes,27164.45,-38.528,-37.858329,0.754,0.749
2307650,Maracanaú,CE,105.071,83467700.0,0.7,0,0,0,0,0,0,0,Yes,53410.24,-38.62713,-38.745307,0.686,0.617
4109401,Guarapuava,PR,3168.087,196164200.0,0.0,0,0,0,0,0,0,0,No,45219.68,-51.5563,-25.3991681,0.731,0.73
4127700,Toledo,PR,1198.049,52768160.0,0.0,0,0,0,0,0,0,0,No,51745.73,-53.77789,-24.7048606,0.768,0.755
4300002,Lagoa dos Patos,RS,10196.942,110735100.0,1.5,0,0,1,0,1 to 4,0,0,Yes,,-51.3973,-31.1997042,,
4302105,Bento Gonçalves,RS,273.576,106460500.0,0.0,0,0,0,1,0,0,0,No,60918.83,-51.55169,-29.1256912,0.778,0.805
4304804,Carlos Barbosa,RS,230.68,7735244.0,0.0,0,0,0,0,0,0,0,No,115232.73,-51.5006,-29.3138059,0.796,0.835
4307906,Farroupilha,RS,361.372,66941910.0,0.0,0,0,0,0,0,0,0,No,59633.5,-51.36592,-29.2100581,0.777,0.783
4314548,Pinto Bandeira,RS,104.821,37292050.0,0.0,0,0,0,0,0,0,0,No,24212.76,-51.46168,-29.0929434,,
3501301,Álvares Machado,SP,347.647,31866960.0,0.0,0,3,0,0,0,1 to 3,0,No,28306.72,-51.51492,-22.1315047,0.758,0.712
3541406,Presidente Prudente,SP,560.637,144296700.0,0.0,0,1,0,1,0,1 to 3,0,No,39845.11,-51.35378,-22.0575452,0.806,0.788
4101408,Apucarana,PR,558.389,120057000.0,0.0,0,1,0,0,0,1 to 3,0,No,28189.54,-51.44612,-23.5722669,0.748,0.741
4101507,Arapongas,PR,382.215,68449140.0,0.0,0,0,0,0,0,0,0,No,39149.76,-51.42824,-23.4408034,0.748,0.751
4122404,Rolândia,PR,459.024,72576710.0,0.0,0,0,0,0,0,0,0,No,52447.59,-51.40921,-23.27128,0.739,0.744
5107958,Tangará da Serra,MT,11636.825,46725610.0,0.0,0,0,0,1,0,0,0,No,51892.66,-58.56882,-14.3878543,0.729,0.749
5211909,Jataí,GO,7178.792,41775340.0,0.0,0,1,0,2,0,1 to 3,0,No,77472.0,-51.73217,-17.90957,0.757,0.774
4304689,Capela de Santana,RS,182.595,36997780.0,0.0,0,1,0,0,0,1 to 3,0,No,24508.37,-51.35736,-29.7059229,0.661,0.675
4306767,Eldorado do Sul,RS,509.614,24685100.0,99.3,0,1,0,0,0,1 to 3,0,Yes,49900.17,-51.49917,-30.0781241,0.717,0.717
4309308,Guaíba,RS,376.166,74568550.0,0.1,0,0,0,0,0,0,0,Yes,84254.24,-51.43419,-30.1773164,0.73,0.732
3119955,Córrego Fundo,MG,101.112,8345680.0,0.0,0,0,0,0,0,0,0,No,49904.63,-45.53213,-20.4508201,0.678,0.657
3123601,Elói Mendes,MG,499.537,8186409.0,0.0,0,0,0,0,0,0,0,No,24720.9,-45.59733,-21.6123664,0.685,0.688
3132404,Itajubá,MG,294.835,121585300.0,0.0,0,0,0,0,0,0,0,No,33630.33,-45.4144,-22.4219625,0.787,0.767
3170107,Uberaba,MG,4523.957,101472500.0,0.0,1,0,0,1,0,0,1 or 2,No,59943.87,-47.97716,-19.5809313,0.772,0.772
3170701,Varginha,MG,395.396,104849400.0,0.0,0,0,0,1,0,0,0,No,58817.87,-45.40911,-21.5574845,0.778,0.76
3522109,Itanhaém,SP,601.711,121219100.0,92.7,0,0,0,0,0,0,0,Yes,22704.86,-46.8347,-24.091856,0.745,0.716
3538006,Pindamonhangaba,SP,731.355,150436600.0,38.3,3,0,0,0,0,0,3 to 5,Yes,79951.7,-45.45926,-22.8800189,0.773,0.745
3554102,Taubaté,SP,625.003,111095100.0,13.3,1,0,1,1,1 to 4,0,1 or 2,Yes,50495.56,-45.5024,-23.0871129,0.8,0.778
3119401,Coronel Fabriciano,MG,221.252,50674530.0,0.0,0,3,0,0,0,1 to 3,0,No,18029.42,-42.68022,-19.4816574,0.755,0.715
3126109,Formiga,MG,1501.915,39410920.0,0.0,0,4,0,1,0,4 or 5,0,No,32581.52,-45.54159,-20.5930779,0.755,0.729
3134608,Jaboticatubas,MG,1114.972,114530.2,0.0,0,1,0,0,0,1 to 3,0,No,14403.17,-43.71816,-19.4407581,0.681,0.694
3158953,Santana do Paraíso,MG,276.067,45880580.0,0.0,0,1,0,0,0,1 to 3,0,No,20818.42,-42.52047,-19.3850697,0.685,0.663
3167202,Sete Lagoas,MG,536.928,152437900.0,0.0,0,1,0,1,0,1 to 3,0,No,51894.81,-44.25346,-19.4372522,0.76,0.742
3201506,Colatina,ES,1398.219,195973200.0,11.9,0,3,0,0,0,1 to 3,0,Yes,35228.52,-40.62583,-19.5521245,0.746,0.738
3203205,Linhares,ES,3496.263,50735580.0,7.6,0,3,0,1,0,1 to 3,0,Yes,44705.34,-40.02937,-19.3826767,0.724,0.721
3205309,Vitória,ES,97.123,73707980.0,42.8,0,1,0,2,0,1 to 3,0,Yes,85035.67,-40.32548,-20.2808106,0.845,0.876
3134202,Ituiutaba,MG,2598.046,35811570.0,0.0,0,0,0,1,0,0,0,No,35891.17,-49.54421,-18.9926438,0.739,0.745
3170206,Uberlândia,MG,4115.206,284485900.0,0.0,0,0,0,1,0,0,0,No,61038.02,-48.33174,-19.0277715,0.789,0.776
5218805,Rio Verde,GO,8374.255,60670070.0,0.0,0,1,0,2,0,1 to 3,0,No,65948.14,-51.03851,-17.7391549,0.754,0.765
2906907,Caravelas,BA,2377.889,3126402.0,0.0,0,0,0,3,0,0,0,No,16145.53,-39.69624,-17.6889392,0.616,0.626
2910727,Eunápolis,BA,1425.97,38779800.0,0.0,0,0,0,0,0,0,0,No,27765.39,-39.60612,-16.2987517,0.677,0.687
2911709,Guanambi,BA,1272.366,78534350.0,0.0,0,0,0,1,0,0,0,No,19386.67,-42.82004,-14.2039569,0.673,0.663
3109402,Buritizeiro,MG,7218.401,16960300.0,0.0,0,2,0,0,0,1 to 3,0,No,26118.73,-45.19181,-17.2860533,0.624,0.603
2916203,Itapé,BA,453.144,586542.3,0.0,0,0,0,0,0,0,0,No,12829.96,-39.51677,-14.984298,0.599,0.574
1507300,São Félix do Xingu,PA,84212.903,16889090.0,0.0,0,4,0,1,0,4 or 5,0,No,14802.13,-52.2527,-72.333649,0.594,0.638
2611101,Petrolina,PE,4561.87,323937800.0,0.0,0,2,0,2,0,1 to 3,0,No,22244.46,-40.57236,-90.197945,0.697,0.695
2903201,Barreiras,BA,8051.274,206731000.0,0.0,0,0,0,2,0,0,0,No,44221.63,-45.54238,-12.0130223,0.721,0.695
2918001,Jequié,BA,2969.039,50697430.0,0.0,0,0,0,0,0,0,0,No,20325.74,-40.14613,-13.8776067,0.665,0.656
2918407,Juazeiro,BA,6721.237,129170200.0,0.0,0,3,0,0,0,1 to 3,0,No,23601.32,-40.33726,-96.391608,0.677,0.657
2101400,Balsas,MA,13141.162,41727350.0,0.0,0,2,0,1,0,1 to 3,0,No,65059.77,-46.02264,-76.43252,0.687,0.674
2101202,Bacabal,MA,1656.736,42715780.0,44.1,0,3,0,2,0,1 to 3,0,Yes,14412.91,-44.76188,-41.711045,0.651,0.619
2301000,Aquiraz,CE,480.236,245113100.0,0.0,0,1,0,0,0,1 to 3,0,Yes,47245.19,-38.39408,-39.765701,0.641,0.608
2304202,Crato,CE,1138.15,79355080.0,0.0,0,4,0,0,0,4 or 5,0,No,13976.14,-39.48994,-72.356468,0.713,0.655
2306256,Itaitinga,CE,153.686,96126720.0,0.1,0,0,0,0,0,0,0,Yes,32560.63,-38.54996,-39.980372,0.626,0.583
2309706,Pacatuba,CE,133.236,112203800.0,0.0,0,0,0,0,0,0,0,Yes,14421.49,-38.59717,-39.523121,0.675,0.605
1501782,Breu Branco,PA,3941.904,181852.5,0.0,0,1,0,0,0,1 to 3,0,No,11579.35,-49.47695,-37.44846,0.568,0.555
1508100,Tucuruí,PA,2084.289,42534620.0,16.6,0,0,0,2,0,0,0,Yes,48149.75,-49.82113,-38.562792,0.666,0.675
1600303,Macapá,AP,6563.849,172648200.0,22.4,0,1,0,2,0,1 to 3,0,Yes,24768.62,-50.28559,0.0,0.733,0.723
1600600,Santana,AP,1541.224,42896150.0,32.1,0,0,0,0,0,0,0,Yes,20132.66,-51.37837,0.0,0.692,0.654
2109908,Santa Inês,MA,786.689,39292120.0,0.0,0,0,0,0,0,0,0,No,16303.11,-45.43675,-38.735191,0.674,0.633
2306405,Itapipoca,CE,1600.358,93377280.0,0.0,0,2,0,1,0,1 to 3,0,No,13547.33,-39.5983,-33.952255,0.64,0.562
2312908,Sobral,CE,2068.474,48002570.0,40.0,0,1,0,1,0,1 to 3,0,Yes,25396.38,-40.50288,-37.465486,0.714,0.647
2307700,Maranguape,CE,583.505,54815150.0,0.0,0,0,0,0,0,0,0,No,12527.08,-38.73097,-39.902506,0.659,0.587
